0.0	5.03689e-18	3.38517e-14	9.53454e-12	5.01292e-10	8.48307e-09	6.74829e-08	3.5541e-07	1.50587e-06	4.28276e-06	1.50913e-05	3.77272e-05
6.552291e-08	9.352246e-06	0.0007318942	0.005384511	0.008663871	0.01278944	0.01782939	0.02328135	0.02873973	0.03385833	0.03880029	0.04320626	0.04712051
0.0	6.58265e-25	3.09506e-24	2.41348e-19	1.46458e-15	3.24173e-13	1.99253e-11	4.77857e-10	5.13144e-09	3.77765e-08	2.15319e-07	8.40906e-07	2.49249e-06
0.0	3.44822e-21	2.47782e-17	2.20986e-14	1.92364e-12	4.62036e-11	7.74202e-10	5.89803e-09	3.55698e-08	1.51797e-07	4.83888e-07
0.0	1.21731e-19	1.652e-18	6.0484e-14	2.2963e-12	4.5183e-10	3.62534e-09	9.223e-08	4.05218e-07	1.54851e-06	8.50382e-06	2.47499e-05	5.70719e-05
0.0	2.913e-15	9.2415e-12	1.04403e-09	1.17551e-08	1.34302e-07	9.36317e-07	3.12049e-06	8.64973e-06	2.15816e-05	7.23668e-05
0.0	1.95035e-17	4.5562e-16	3.5295e-14	2.9421e-11	6.4394e-10	1.71054e-08	8.81943e-08	1.05651e-06	3.5761e-06	1.00356e-05	2.47218e-05
0.0	3.76964e-29	3.25294e-22	2.27222e-18	6.52538e-16	5.7169e-14	1.78102e-12	3.05541e-11	2.34479e-10	1.33025e-09	5.66948e-09	1.80999e-08
0.0	2.66806e-22	8.64941e-22	8.45236e-21	2.18945e-16	1.65113e-13	1.81538e-11	5.19488e-10	7.65379e-09	6.29218e-08	3.62829e-07	1.52746e-06	5.19691e-06
0.0	2.14666e-22	2.93773e-21	6.2442e-17	5.12385e-14	4.68487e-12	1.71734e-10	2.42144e-09	2.09591e-08	1.09274e-07	4.71209e-07	1.54154e-06
0.0	1.52752e-21	1.54246e-20	4.86549e-16	2.75823e-13	2.29972e-11	7.09125e-10	1.04898e-08	8.48379e-08	4.73276e-07	2.02436e-06	6.60931e-06
0.0	2.1719e-18	1.1005e-13	4.583e-12	7.916e-10	6.72813e-09	1.33179e-07	5.64255e-07	2.01144e-06	9.67556e-06	2.47922e-05	5.55081e-05
0.0	1.60446e-19	7.5844e-19	5.4768e-14	2.0795e-12	5.0062e-10	1.19883e-08	1.32683e-07	5.96173e-07	4.3557e-06	1.59241e-05	4.08879e-05	9.03171e-05
0.0	8.4032e-16	2.1674e-12	5.9719e-11	4.36516e-09	2.93289e-08	2.54357e-07	1.49014e-06	4.57002e-06	1.20747e-05	2.84199e-05
0.0	0.0004537165	0.00120455	0.0184065	0.069285	0.152529	0.25142	0.348935	0.435552	0.507409	0.564518	0.608655	0.642095	0.667631
0.0	1.49275e-24	7.05163e-24	6.63119e-18	1.3285e-14	1.68466e-12	9.97921e-11	1.54114e-09	1.79055e-08	1.0614e-07	4.88958e-07	1.78298e-06	4.87775e-06
0.0	1.7924e-20	3.19396e-16	2.52703e-13	1.77419e-11	4.86644e-10	6.2435e-09	4.46544e-08	2.24573e-07	8.58836e-07	2.60108e-06
0.0	0.0001268045	0.000343435	0.0104293	0.0532628	0.13639	0.249121	0.374288	0.497211	0.608679	0.703974	0.782575	0.84524	0.893991
0.0	0.0	0.0	4.393e-07	1.597e-05	0.0001477	0.0006212
0.0	0.0	7.82e-08	2.925e-06	2.693e-05	0.0001088
0.0	5.85096e-27	6.58874e-21	4.09055e-17	1.76925e-14	1.5739e-12	5.00002e-11	7.77835e-10	7.21074e-09	4.53317e-08	2.11462e-07	7.80567e-07
0.0	3.33259e-25	1.07213e-15	1.18399e-11	3.19591e-09	1.03428e-07	1.33668e-06
0.0	0.0	2.65e-08	1.066e-06	1.057e-05	4.727e-05
0.0	3.07281e-20	8.37248e-20	1.35867e-14	9.55572e-12	7.38305e-10	1.65769e-08	1.72143e-07	1.0701e-06	4.61277e-06	1.51321e-05	3.98763e-05	8.77833e-05
0.0	8.60813e-25	1.41985e-24	1.32448e-15	9.16947e-12	1.53738e-10	1.74059e-09	5.25886e-08	6.16359e-07