13832300.0	15000000.0	15500000.0	16000000.0	16500000.0	17000000.0	17500000.0	18000000.0	18500000.0	19000000.0	19500000.0	20000000.0
13774700.0	14035300.0	15000000.0	15500000.0	16000000.0	16500000.0	17000000.0	17500000.0	18000000.0	18500000.0	19000000.0	19500000.0	20000000.0
14035300.0	15500000.0	16000000.0	16500000.0	17000000.0	17500000.0	18000000.0	18500000.0	19000000.0	19500000.0	20000000.0
14035300.0	15500000.0	16000000.0	16500000.0	17000000.0	17500000.0	18000000.0	18500000.0	19000000.0	19500000.0	20000000.0
14035300.0	15500000.0	16000000.0	16500000.0	17000000.0	17500000.0	18000000.0	18500000.0	19000000.0	19500000.0	20000000.0
14035300.0	15500000.0	16000000.0	16500000.0	17000000.0	17500000.0	18000000.0	18500000.0	19000000.0	19500000.0	20000000.0
14035300.0	15500000.0	16000000.0	16500000.0	17000000.0	17500000.0	18000000.0	18500000.0	19000000.0	19500000.0	20000000.0
14035300.0	15500000.0	16000000.0	16500000.0	17000000.0	17500000.0	18000000.0	18500000.0	19000000.0	19500000.0	20000000.0
14035300.0	15500000.0	16000000.0	16500000.0	17000000.0	17500000.0	18000000.0	18500000.0	19000000.0	19500000.0	20000000.0
14035300.0	15500000.0	16000000.0	16500000.0	17000000.0	17500000.0	18000000.0	18500000.0	19000000.0	19500000.0	20000000.0
13794900.0	13883700.0	15000000.0	15500000.0	16000000.0	16500000.0	17000000.0	17500000.0	18000000.0	18500000.0	19000000.0	19500000.0	20000000.0
13883700.0	15500000.0	16000000.0	16500000.0	17000000.0	17500000.0	18000000.0	18500000.0	19000000.0	19500000.0	20000000.0
14089000.0	14149400.0	15500000.0	16000000.0	16500000.0	17000000.0	17500000.0	18000000.0	18500000.0	19000000.0	19500000.0	20000000.0
14089000.0	14149400.0	15500000.0	16000000.0	16500000.0	17000000.0	17500000.0	18000000.0	18500000.0	19000000.0	19500000.0	20000000.0
14089000.0	14149400.0	15500000.0	16000000.0	16500000.0	17000000.0	17500000.0	18000000.0	18500000.0	19000000.0	19500000.0	20000000.0
14089000.0	14149400.0	15500000.0	16000000.0	16500000.0	17000000.0	17500000.0	18000000.0	18500000.0	19000000.0	19500000.0	20000000.0
14089000.0	14149400.0	15500000.0	16000000.0	16500000.0	17000000.0	17500000.0	18000000.0	18500000.0	19000000.0	19500000.0	20000000.0
14089000.0	14149400.0	15500000.0	16000000.0	16500000.0	17000000.0	17500000.0	18000000.0	18500000.0	19000000.0	19500000.0	20000000.0
14089000.0	14149400.0	15500000.0	16000000.0	16500000.0	17000000.0	17500000.0	18000000.0	18500000.0	19000000.0	19500000.0	20000000.0
14089000.0	14149400.0	15500000.0	16000000.0	16500000.0	17000000.0	17500000.0	18000000.0	18500000.0	19000000.0	19500000.0	20000000.0
14089000.0	14149400.0	15500000.0	16000000.0	16500000.0	17000000.0	17500000.0	18000000.0	18500000.0	19000000.0	19500000.0	20000000.0
14089000.0	14149400.0	15500000.0	16000000.0	16500000.0	17000000.0	17500000.0	18000000.0	18500000.0	19000000.0	19500000.0	20000000.0
14089000.0	14149400.0	15500000.0	16000000.0	16500000.0	17000000.0	17500000.0	18000000.0	18500000.0	19000000.0	19500000.0	20000000.0
14089000.0	14149400.0	15500000.0	16000000.0	16500000.0	17000000.0	17500000.0	18000000.0	18500000.0	19000000.0	19500000.0	20000000.0
14089000.0	14149400.0	15500000.0	16000000.0	16500000.0	17000000.0	17500000.0	18000000.0	18500000.0	19000000.0	19500000.0	20000000.0
14089000.0	14149400.0	15500000.0	16000000.0	16500000.0	17000000.0	17500000.0	18000000.0	18500000.0	19000000.0	19500000.0	20000000.0
13729500.0	15000000.0	15500000.0	16000000.0	16500000.0	17000000.0	17500000.0	18000000.0	18500000.0	19000000.0	19500000.0	20000000.0
14045900.0	14091800.0	14194700.0	15500000.0	16000000.0	16500000.0	17000000.0	17500000.0	18000000.0	18500000.0	19000000.0	19500000.0	20000000.0
14045900.0	14091800.0	14194700.0	15500000.0	16000000.0	16500000.0	17000000.0	17500000.0	18000000.0	18500000.0	19000000.0	19500000.0	20000000.0
14045900.0	14091800.0	14194700.0	15500000.0	16000000.0	16500000.0	17000000.0	17500000.0	18000000.0	18500000.0	19000000.0	19500000.0	20000000.0
14045900.0	14091800.0	14194700.0	15500000.0	16000000.0	16500000.0	17000000.0	17500000.0	18000000.0	18500000.0	19000000.0	19500000.0	20000000.0
14045900.0	14091800.0	14194700.0	15500000.0	16000000.0	16500000.0	17000000.0	17500000.0	18000000.0	18500000.0	19000000.0	19500000.0	20000000.0
14045900.0	14091800.0	14194700.0	15500000.0	16000000.0	16500000.0	17000000.0	17500000.0	18000000.0	18500000.0	19000000.0	19500000.0	20000000.0
14045900.0	14091800.0	14194700.0	15500000.0	16000000.0	16500000.0	17000000.0	17500000.0	18000000.0	18500000.0	19000000.0	19500000.0	20000000.0
14045900.0	14091800.0	14194700.0	15500000.0	16000000.0	16500000.0	17000000.0	17500000.0	18000000.0	18500000.0	19000000.0	19500000.0	20000000.0
14045900.0	14091800.0	14194700.0	15500000.0	16000000.0	16500000.0	17000000.0	17500000.0	18000000.0	18500000.0	19000000.0	19500000.0	20000000.0
14045900.0	14091800.0	14194700.0	15500000.0	16000000.0	16500000.0	17000000.0	17500000.0	18000000.0	18500000.0	19000000.0	19500000.0	20000000.0
14045900.0	14091800.0	14194700.0	15500000.0	16000000.0	16500000.0	17000000.0	17500000.0	18000000.0	18500000.0	19000000.0	19500000.0	20000000.0
14045900.0	14091800.0	14194700.0	15500000.0	16000000.0	16500000.0	17000000.0	17500000.0	18000000.0	18500000.0	19000000.0	19500000.0	20000000.0
14045900.0	14091800.0	14194700.0	15500000.0	16000000.0	16500000.0	17000000.0	17500000.0	18000000.0	18500000.0	19000000.0	19500000.0	20000000.0
14045900.0	14091800.0	14194700.0	15500000.0	16000000.0	16500000.0	17000000.0	17500000.0	18000000.0	18500000.0	19000000.0	19500000.0	20000000.0
14045900.0	14091800.0	14194700.0	15500000.0	16000000.0	16500000.0	17000000.0	17500000.0	18000000.0	18500000.0	19000000.0	19500000.0	20000000.0
14045900.0	14091800.0	14194700.0	15500000.0	16000000.0	16500000.0	17000000.0	17500000.0	18000000.0	18500000.0	19000000.0	19500000.0	20000000.0
14045900.0	14091800.0	14194700.0	15500000.0	16000000.0	16500000.0	17000000.0	17500000.0	18000000.0	18500000.0	19000000.0	19500000.0	20000000.0
14045900.0	14091800.0	14194700.0	15500000.0	16000000.0	16500000.0	17000000.0	17500000.0	18000000.0	18500000.0	19000000.0	19500000.0	20000000.0
14045900.0	14091800.0	14194700.0	15500000.0	16000000.0	16500000.0	17000000.0	17500000.0	18000000.0	18500000.0	19000000.0	19500000.0	20000000.0
14045900.0	14091800.0	14194700.0	15500000.0	16000000.0	16500000.0	17000000.0	17500000.0	18000000.0	18500000.0	19000000.0	19500000.0	20000000.0
14045900.0	14091800.0	14194700.0	15500000.0	16000000.0	16500000.0	17000000.0	17500000.0	18000000.0	18500000.0	19000000.0	19500000.0	20000000.0
14045900.0	14091800.0	14194700.0	15500000.0	16000000.0	16500000.0	17000000.0	17500000.0	18000000.0	18500000.0	19000000.0	19500000.0	20000000.0
14045900.0	14091800.0	14194700.0	15500000.0	16000000.0	16500000.0	17000000.0	17500000.0	18000000.0	18500000.0	19000000.0	19500000.0	20000000.0
14045900.0	14091800.0	14194700.0	15500000.0	16000000.0	16500000.0	17000000.0	17500000.0	18000000.0	18500000.0	19000000.0	19500000.0	20000000.0
14045900.0	14091800.0	14194700.0	15500000.0	16000000.0	16500000.0	17000000.0	17500000.0	18000000.0	18500000.0	19000000.0	19500000.0	20000000.0
14045900.0	14091800.0	14194700.0	15500000.0	16000000.0	16500000.0	17000000.0	17500000.0	18000000.0	18500000.0	19000000.0	19500000.0	20000000.0
14045900.0	14091800.0	14194700.0	15500000.0	16000000.0	16500000.0	17000000.0	17500000.0	18000000.0	18500000.0	19000000.0	19500000.0	20000000.0
14045900.0	14091800.0	14194700.0	15500000.0	16000000.0	16500000.0	17000000.0	17500000.0	18000000.0	18500000.0	19000000.0	19500000.0	20000000.0
14045900.0	14091800.0	14194700.0	15500000.0	16000000.0	16500000.0	17000000.0	17500000.0	18000000.0	18500000.0	19000000.0	19500000.0	20000000.0
14045900.0	14091800.0	14194700.0	15500000.0	16000000.0	16500000.0	17000000.0	17500000.0	18000000.0	18500000.0	19000000.0	19500000.0	20000000.0
14045900.0	14091800.0	14194700.0	15500000.0	16000000.0	16500000.0	17000000.0	17500000.0	18000000.0	18500000.0	19000000.0	19500000.0	20000000.0
14045900.0	14091800.0	14194700.0	15500000.0	16000000.0	16500000.0	17000000.0	17500000.0	18000000.0	18500000.0	19000000.0	19500000.0	20000000.0
14045900.0	14091800.0	14194700.0	15500000.0	16000000.0	16500000.0	17000000.0	17500000.0	18000000.0	18500000.0	19000000.0	19500000.0	20000000.0
14045900.0	14091800.0	14194700.0	15500000.0	16000000.0	16500000.0	17000000.0	17500000.0	18000000.0	18500000.0	19000000.0	19500000.0	20000000.0
14045900.0	14091800.0	14194700.0	15500000.0	16000000.0	16500000.0	17000000.0	17500000.0	18000000.0	18500000.0	19000000.0	19500000.0	20000000.0
14045900.0	14091800.0	14194700.0	15500000.0	16000000.0	16500000.0	17000000.0	17500000.0	18000000.0	18500000.0	19000000.0	19500000.0	20000000.0
14045900.0	14091800.0	14194700.0	15500000.0	16000000.0	16500000.0	17000000.0	17500000.0	18000000.0	18500000.0	19000000.0	19500000.0	20000000.0
14045900.0	14091800.0	14194700.0	15500000.0	16000000.0	16500000.0	17000000.0	17500000.0	18000000.0	18500000.0	19000000.0	19500000.0	20000000.0
14045900.0	14091800.0	14194700.0	15500000.0	16000000.0	16500000.0	17000000.0	17500000.0	18000000.0	18500000.0	19000000.0	19500000.0	20000000.0
14045900.0	14091800.0	14194700.0	15500000.0	16000000.0	16500000.0	17000000.0	17500000.0	18000000.0	18500000.0	19000000.0	19500000.0	20000000.0
14045900.0	14091800.0	14194700.0	15500000.0	16000000.0	16500000.0	17000000.0	17500000.0	18000000.0	18500000.0	19000000.0	19500000.0	20000000.0
14045900.0	14091800.0	14194700.0	15500000.0	16000000.0	16500000.0	17000000.0	17500000.0	18000000.0	18500000.0	19000000.0	19500000.0	20000000.0
14045900.0	14091800.0	14194700.0	15500000.0	16000000.0	16500000.0	17000000.0	17500000.0	18000000.0	18500000.0	19000000.0	19500000.0	20000000.0
14045900.0	14091800.0	14194700.0	15500000.0	16000000.0	16500000.0	17000000.0	17500000.0	18000000.0	18500000.0	19000000.0	19500000.0	20000000.0
14045900.0	14091800.0	14194700.0	15500000.0	16000000.0	16500000.0	17000000.0	17500000.0	18000000.0	18500000.0	19000000.0	19500000.0	20000000.0
14045900.0	14091800.0	14194700.0	15500000.0	16000000.0	16500000.0	17000000.0	17500000.0	18000000.0	18500000.0	19000000.0	19500000.0	20000000.0
14045900.0	14091800.0	14194700.0	15500000.0	16000000.0	16500000.0	17000000.0	17500000.0	18000000.0	18500000.0	19000000.0	19500000.0	20000000.0
14045900.0	14091800.0	14194700.0	15500000.0	16000000.0	16500000.0	17000000.0	17500000.0	18000000.0	18500000.0	19000000.0	19500000.0	20000000.0
14045900.0	14091800.0	14194700.0	15500000.0	16000000.0	16500000.0	17000000.0	17500000.0	18000000.0	18500000.0	19000000.0	19500000.0	20000000.0
14045900.0	14091800.0	14194700.0	15500000.0	16000000.0	16500000.0	17000000.0	17500000.0	18000000.0	18500000.0	19000000.0	19500000.0	20000000.0
14045900.0	14091800.0	14194700.0	15500000.0	16000000.0	16500000.0	17000000.0	17500000.0	18000000.0	18500000.0	19000000.0	19500000.0	20000000.0
14045900.0	14091800.0	14194700.0	15500000.0	16000000.0	16500000.0	17000000.0	17500000.0	18000000.0	18500000.0	19000000.0	19500000.0	20000000.0
14045900.0	14091800.0	14194700.0	15500000.0	16000000.0	16500000.0	17000000.0	17500000.0	18000000.0	18500000.0	19000000.0	19500000.0	20000000.0
14045900.0	14091800.0	14194700.0	15500000.0	16000000.0	16500000.0	17000000.0	17500000.0	18000000.0	18500000.0	19000000.0	19500000.0	20000000.0
14045900.0	14091800.0	14194700.0	15500000.0	16000000.0	16500000.0	17000000.0	17500000.0	18000000.0	18500000.0	19000000.0	19500000.0	20000000.0
14045900.0	14091800.0	14194700.0	15500000.0	16000000.0	16500000.0	17000000.0	17500000.0	18000000.0	18500000.0	19000000.0	19500000.0	20000000.0
14045900.0	14091800.0	14194700.0	15500000.0	16000000.0	16500000.0	17000000.0	17500000.0	18000000.0	18500000.0	19000000.0	19500000.0	20000000.0
14045900.0	14091800.0	14194700.0	15500000.0	16000000.0	16500000.0	17000000.0	17500000.0	18000000.0	18500000.0	19000000.0	19500000.0	20000000.0
14045900.0	14091800.0	14194700.0	15500000.0	16000000.0	16500000.0	17000000.0	17500000.0	18000000.0	18500000.0	19000000.0	19500000.0	20000000.0
14045900.0	14091800.0	14194700.0	15500000.0	16000000.0	16500000.0	17000000.0	17500000.0	18000000.0	18500000.0	19000000.0	19500000.0	20000000.0
14045900.0	14091800.0	14194700.0	15500000.0	16000000.0	16500000.0	17000000.0	17500000.0	18000000.0	18500000.0	19000000.0	19500000.0	20000000.0
14045900.0	14091800.0	14194700.0	15500000.0	16000000.0	16500000.0	17000000.0	17500000.0	18000000.0	18500000.0	19000000.0	19500000.0	20000000.0
14045900.0	14091800.0	14194700.0	15500000.0	16000000.0	16500000.0	17000000.0	17500000.0	18000000.0	18500000.0	19000000.0	19500000.0	20000000.0
14045900.0	14091800.0	14194700.0	15500000.0	16000000.0	16500000.0	17000000.0	17500000.0	18000000.0	18500000.0	19000000.0	19500000.0	20000000.0
14045900.0	14091800.0	14194700.0	15500000.0	16000000.0	16500000.0	17000000.0	17500000.0	18000000.0	18500000.0	19000000.0	19500000.0	20000000.0
14045900.0	14091800.0	14194700.0	15500000.0	16000000.0	16500000.0	17000000.0	17500000.0	18000000.0	18500000.0	19000000.0	19500000.0	20000000.0
14045900.0	14091800.0	14194700.0	15500000.0	16000000.0	16500000.0	17000000.0	17500000.0	18000000.0	18500000.0	19000000.0	19500000.0	20000000.0
14045900.0	14091800.0	14194700.0	15500000.0	16000000.0	16500000.0	17000000.0	17500000.0	18000000.0	18500000.0	19000000.0	19500000.0	20000000.0
14045900.0	14091800.0	14194700.0	15500000.0	16000000.0	16500000.0	17000000.0	17500000.0	18000000.0	18500000.0	19000000.0	19500000.0	20000000.0
14045900.0	14091800.0	14194700.0	15500000.0	16000000.0	16500000.0	17000000.0	17500000.0	18000000.0	18500000.0	19000000.0	19500000.0	20000000.0
14045900.0	14091800.0	14194700.0	15500000.0	16000000.0	16500000.0	17000000.0	17500000.0	18000000.0	18500000.0	19000000.0	19500000.0	20000000.0
14045900.0	14091800.0	14194700.0	15500000.0	16000000.0	16500000.0	17000000.0	17500000.0	18000000.0	18500000.0	19000000.0	19500000.0	20000000.0
14045900.0	14091800.0	14194700.0	15500000.0	16000000.0	16500000.0	17000000.0	17500000.0	18000000.0	18500000.0	19000000.0	19500000.0	20000000.0
14045900.0	14091800.0	14194700.0	15500000.0	16000000.0	16500000.0	17000000.0	17500000.0	18000000.0	18500000.0	19000000.0	19500000.0	20000000.0
14045900.0	14091800.0	14194700.0	15500000.0	16000000.0	16500000.0	17000000.0	17500000.0	18000000.0	18500000.0	19000000.0	19500000.0	20000000.0
14045900.0	14091800.0	14194700.0	15500000.0	16000000.0	16500000.0	17000000.0	17500000.0	18000000.0	18500000.0	19000000.0	19500000.0	20000000.0
14045900.0	14091800.0	14194700.0	15500000.0	16000000.0	16500000.0	17000000.0	17500000.0	18000000.0	18500000.0	19000000.0	19500000.0	20000000.0
14045900.0	14091800.0	14194700.0	15500000.0	16000000.0	16500000.0	17000000.0	17500000.0	18000000.0	18500000.0	19000000.0	19500000.0	20000000.0
14045900.0	14091800.0	14194700.0	15500000.0	16000000.0	16500000.0	17000000.0	17500000.0	18000000.0	18500000.0	19000000.0	19500000.0	20000000.0
14045900.0	14091800.0	14194700.0	15500000.0	16000000.0	16500000.0	17000000.0	17500000.0	18000000.0	18500000.0	19000000.0	19500000.0	20000000.0
14045900.0	14091800.0	14194700.0	15500000.0	16000000.0	16500000.0	17000000.0	17500000.0	18000000.0	18500000.0	19000000.0	19500000.0	20000000.0
14045900.0	14091800.0	14194700.0	15500000.0	16000000.0	16500000.0	17000000.0	17500000.0	18000000.0	18500000.0	19000000.0	19500000.0	20000000.0
14045900.0	14091800.0	14194700.0	15500000.0	16000000.0	16500000.0	17000000.0	17500000.0	18000000.0	18500000.0	19000000.0	19500000.0	20000000.0
14045900.0	14091800.0	14194700.0	15500000.0	16000000.0	16500000.0	17000000.0	17500000.0	18000000.0	18500000.0	19000000.0	19500000.0	20000000.0
14045900.0	14091800.0	14194700.0	15500000.0	16000000.0	16500000.0	17000000.0	17500000.0	18000000.0	18500000.0	19000000.0	19500000.0	20000000.0
14045900.0	14091800.0	14194700.0	15500000.0	16000000.0	16500000.0	17000000.0	17500000.0	18000000.0	18500000.0	19000000.0	19500000.0	20000000.0
14045900.0	14091800.0	14194700.0	15500000.0	16000000.0	16500000.0	17000000.0	17500000.0	18000000.0	18500000.0	19000000.0	19500000.0	20000000.0
14045900.0	14091800.0	14194700.0	15500000.0	16000000.0	16500000.0	17000000.0	17500000.0	18000000.0	18500000.0	19000000.0	19500000.0	20000000.0
14045900.0	14091800.0	14194700.0	15500000.0	16000000.0	16500000.0	17000000.0	17500000.0	18000000.0	18500000.0	19000000.0	19500000.0	20000000.0
14045900.0	14091800.0	14194700.0	15500000.0	16000000.0	16500000.0	17000000.0	17500000.0	18000000.0	18500000.0	19000000.0	19500000.0	20000000.0
14045900.0	14091800.0	14194700.0	15500000.0	16000000.0	16500000.0	17000000.0	17500000.0	18000000.0	18500000.0	19000000.0	19500000.0	20000000.0
14045900.0	14091800.0	14194700.0	15500000.0	16000000.0	16500000.0	17000000.0	17500000.0	18000000.0	18500000.0	19000000.0	19500000.0	20000000.0
14045900.0	14091800.0	14194700.0	15500000.0	16000000.0	16500000.0	17000000.0	17500000.0	18000000.0	18500000.0	19000000.0	19500000.0	20000000.0
14045900.0	14091800.0	14194700.0	15500000.0	16000000.0	16500000.0	17000000.0	17500000.0	18000000.0	18500000.0	19000000.0	19500000.0	20000000.0
14045900.0	14091800.0	14194700.0	15500000.0	16000000.0	16500000.0	17000000.0	17500000.0	18000000.0	18500000.0	19000000.0	19500000.0	20000000.0
14045900.0	14091800.0	14194700.0	15500000.0	16000000.0	16500000.0	17000000.0	17500000.0	18000000.0	18500000.0	19000000.0	19500000.0	20000000.0
14045900.0	14091800.0	14194700.0	15500000.0	16000000.0	16500000.0	17000000.0	17500000.0	18000000.0	18500000.0	19000000.0	19500000.0	20000000.0
14045900.0	14091800.0	14194700.0	15500000.0	16000000.0	16500000.0	17000000.0	17500000.0	18000000.0	18500000.0	19000000.0	19500000.0	20000000.0
14045900.0	14091800.0	14194700.0	15500000.0	16000000.0	16500000.0	17000000.0	17500000.0	18000000.0	18500000.0	19000000.0	19500000.0	20000000.0
14045900.0	14091800.0	14194700.0	15500000.0	16000000.0	16500000.0	17000000.0	17500000.0	18000000.0	18500000.0	19000000.0	19500000.0	20000000.0
14045900.0	14091800.0	14194700.0	15500000.0	16000000.0	16500000.0	17000000.0	17500000.0	18000000.0	18500000.0	19000000.0	19500000.0	20000000.0
14045900.0	14091800.0	14194700.0	15500000.0	16000000.0	16500000.0	17000000.0	17500000.0	18000000.0	18500000.0	19000000.0	19500000.0	20000000.0
14045900.0	14091800.0	14194700.0	15500000.0	16000000.0	16500000.0	17000000.0	17500000.0	18000000.0	18500000.0	19000000.0	19500000.0	20000000.0
14045900.0	14091800.0	14194700.0	15500000.0	16000000.0	16500000.0	17000000.0	17500000.0	18000000.0	18500000.0	19000000.0	19500000.0	20000000.0
14045900.0	14091800.0	14194700.0	15500000.0	16000000.0	16500000.0	17000000.0	17500000.0	18000000.0	18500000.0	19000000.0	19500000.0	20000000.0
14045900.0	14091800.0	14194700.0	15500000.0	16000000.0	16500000.0	17000000.0	17500000.0	18000000.0	18500000.0	19000000.0	19500000.0	20000000.0
14045900.0	14091800.0	14194700.0	15500000.0	16000000.0	16500000.0	17000000.0	17500000.0	18000000.0	18500000.0	19000000.0	19500000.0	20000000.0
14045900.0	14091800.0	14194700.0	15500000.0	16000000.0	16500000.0	17000000.0	17500000.0	18000000.0	18500000.0	19000000.0	19500000.0	20000000.0
14045900.0	14091800.0	14194700.0	15500000.0	16000000.0	16500000.0	17000000.0	17500000.0	18000000.0	18500000.0	19000000.0	19500000.0	20000000.0
14045900.0	14091800.0	14194700.0	15500000.0	16000000.0	16500000.0	17000000.0	17500000.0	18000000.0	18500000.0	19000000.0	19500000.0	20000000.0
14045900.0	14091800.0	14194700.0	15500000.0	16000000.0	16500000.0	17000000.0	17500000.0	18000000.0	18500000.0	19000000.0	19500000.0	20000000.0
14045900.0	14091800.0	14194700.0	15500000.0	16000000.0	16500000.0	17000000.0	17500000.0	18000000.0	18500000.0	19000000.0	19500000.0	20000000.0
14045900.0	14091800.0	14194700.0	15500000.0	16000000.0	16500000.0	17000000.0	17500000.0	18000000.0	18500000.0	19000000.0	19500000.0	20000000.0
14045900.0	14091800.0	14194700.0	15500000.0	16000000.0	16500000.0	17000000.0	17500000.0	18000000.0	18500000.0	19000000.0	19500000.0	20000000.0
14045900.0	14091800.0	14194700.0	15500000.0	16000000.0	16500000.0	17000000.0	17500000.0	18000000.0	18500000.0	19000000.0	19500000.0	20000000.0
14045900.0	14091800.0	14194700.0	15500000.0	16000000.0	16500000.0	17000000.0	17500000.0	18000000.0	18500000.0	19000000.0	19500000.0	20000000.0
14045900.0	14091800.0	14194700.0	15500000.0	16000000.0	16500000.0	17000000.0	17500000.0	18000000.0	18500000.0	19000000.0	19500000.0	20000000.0
14045900.0	14091800.0	14194700.0	15500000.0	16000000.0	16500000.0	17000000.0	17500000.0	18000000.0	18500000.0	19000000.0	19500000.0	20000000.0
14045900.0	14091800.0	14194700.0	15500000.0	16000000.0	16500000.0	17000000.0	17500000.0	18000000.0	18500000.0	19000000.0	19500000.0	20000000.0
14045900.0	14091800.0	14194700.0	15500000.0	16000000.0	16500000.0	17000000.0	17500000.0	18000000.0	18500000.0	19000000.0	19500000.0	20000000.0
14045900.0	14091800.0	14194700.0	15500000.0	16000000.0	16500000.0	17000000.0	17500000.0	18000000.0	18500000.0	19000000.0	19500000.0	20000000.0
14045900.0	14091800.0	14194700.0	15500000.0	16000000.0	16500000.0	17000000.0	17500000.0	18000000.0	18500000.0	19000000.0	19500000.0	20000000.0
14045900.0	14091800.0	14194700.0	15500000.0	16000000.0	16500000.0	17000000.0	17500000.0	18000000.0	18500000.0	19000000.0	19500000.0	20000000.0
14045900.0	14091800.0	14194700.0	15500000.0	16000000.0	16500000.0	17000000.0	17500000.0	18000000.0	18500000.0	19000000.0	19500000.0	20000000.0
14045900.0	14091800.0	14194700.0	15500000.0	16000000.0	16500000.0	17000000.0	17500000.0	18000000.0	18500000.0	19000000.0	19500000.0	20000000.0
14045900.0	14091800.0	14194700.0	15500000.0	16000000.0	16500000.0	17000000.0	17500000.0	18000000.0	18500000.0	19000000.0	19500000.0	20000000.0
14045900.0	14091800.0	14194700.0	15500000.0	16000000.0	16500000.0	17000000.0	17500000.0	18000000.0	18500000.0	19000000.0	19500000.0	20000000.0
14045900.0	14091800.0	14194700.0	15500000.0	16000000.0	16500000.0	17000000.0	17500000.0	18000000.0	18500000.0	19000000.0	19500000.0	20000000.0
14045900.0	14091800.0	14194700.0	15500000.0	16000000.0	16500000.0	17000000.0	17500000.0	18000000.0	18500000.0	19000000.0	19500000.0	20000000.0
14045900.0	14091800.0	14194700.0	15500000.0	16000000.0	16500000.0	17000000.0	17500000.0	18000000.0	18500000.0	19000000.0	19500000.0	20000000.0
14045900.0	14091800.0	14194700.0	15500000.0	16000000.0	16500000.0	17000000.0	17500000.0	18000000.0	18500000.0	19000000.0	19500000.0	20000000.0
14045900.0	14091800.0	14194700.0	15500000.0	16000000.0	16500000.0	17000000.0	17500000.0	18000000.0	18500000.0	19000000.0	19500000.0	20000000.0
14045900.0	14091800.0	14194700.0	15500000.0	16000000.0	16500000.0	17000000.0	17500000.0	18000000.0	18500000.0	19000000.0	19500000.0	20000000.0
14045900.0	14091800.0	14194700.0	15500000.0	16000000.0	16500000.0	17000000.0	17500000.0	18000000.0	18500000.0	19000000.0	19500000.0	20000000.0
14045900.0	14091800.0	14194700.0	15500000.0	16000000.0	16500000.0	17000000.0	17500000.0	18000000.0	18500000.0	19000000.0	19500000.0	20000000.0
14045900.0	14091800.0	14194700.0	15500000.0	16000000.0	16500000.0	17000000.0	17500000.0	18000000.0	18500000.0	19000000.0	19500000.0	20000000.0
14045900.0	14091800.0	14194700.0	15500000.0	16000000.0	16500000.0	17000000.0	17500000.0	18000000.0	18500000.0	19000000.0	19500000.0	20000000.0
14045900.0	14091800.0	14194700.0	15500000.0	16000000.0	16500000.0	17000000.0	17500000.0	18000000.0	18500000.0	19000000.0	19500000.0	20000000.0
14045900.0	14091800.0	14194700.0	15500000.0	16000000.0	16500000.0	17000000.0	17500000.0	18000000.0	18500000.0	19000000.0	19500000.0	20000000.0
14045900.0	14091800.0	14194700.0	15500000.0	16000000.0	16500000.0	17000000.0	17500000.0	18000000.0	18500000.0	19000000.0	19500000.0	20000000.0
14091800.0	14194700.0	15500000.0	16000000.0	16500000.0	17000000.0	17500000.0	18000000.0	18500000.0	19000000.0	19500000.0	20000000.0
14091800.0	14194700.0	15500000.0	16000000.0	16500000.0	17000000.0	17500000.0	18000000.0	18500000.0	19000000.0	19500000.0	20000000.0
14091800.0	14194700.0	15500000.0	16000000.0	16500000.0	17000000.0	17500000.0	18000000.0	18500000.0	19000000.0	19500000.0	20000000.0
14091800.0	14194700.0	15500000.0	16000000.0	16500000.0	17000000.0	17500000.0	18000000.0	18500000.0	19000000.0	19500000.0	20000000.0
14091800.0	14194700.0	15500000.0	16000000.0	16500000.0	17000000.0	17500000.0	18000000.0	18500000.0	19000000.0	19500000.0	20000000.0
14091800.0	14194700.0	15500000.0	16000000.0	16500000.0	17000000.0	17500000.0	18000000.0	18500000.0	19000000.0	19500000.0	20000000.0
14091800.0	14194700.0	15500000.0	16000000.0	16500000.0	17000000.0	17500000.0	18000000.0	18500000.0	19000000.0	19500000.0	20000000.0
14091800.0	14194700.0	15500000.0	16000000.0	16500000.0	17000000.0	17500000.0	18000000.0	18500000.0	19000000.0	19500000.0	20000000.0
14091800.0	14194700.0	15500000.0	16000000.0	16500000.0	17000000.0	17500000.0	18000000.0	18500000.0	19000000.0	19500000.0	20000000.0
14091800.0	14194700.0	15500000.0	16000000.0	16500000.0	17000000.0	17500000.0	18000000.0	18500000.0	19000000.0	19500000.0	20000000.0
14091800.0	14194700.0	15500000.0	16000000.0	16500000.0	17000000.0	17500000.0	18000000.0	18500000.0	19000000.0	19500000.0	20000000.0
14091800.0	14194700.0	15500000.0	16000000.0	16500000.0	17000000.0	17500000.0	18000000.0	18500000.0	19000000.0	19500000.0	20000000.0
14091800.0	14194700.0	15500000.0	16000000.0	16500000.0	17000000.0	17500000.0	18000000.0	18500000.0	19000000.0	19500000.0	20000000.0
14091800.0	14194700.0	15500000.0	16000000.0	16500000.0	17000000.0	17500000.0	18000000.0	18500000.0	19000000.0	19500000.0	20000000.0
14091800.0	14194700.0	15500000.0	16000000.0	16500000.0	17000000.0	17500000.0	18000000.0	18500000.0	19000000.0	19500000.0	20000000.0
14091800.0	14194700.0	15500000.0	16000000.0	16500000.0	17000000.0	17500000.0	18000000.0	18500000.0	19000000.0	19500000.0	20000000.0
14091800.0	14194700.0	15500000.0	16000000.0	16500000.0	17000000.0	17500000.0	18000000.0	18500000.0	19000000.0	19500000.0	20000000.0
14091800.0	14194700.0	15500000.0	16000000.0	16500000.0	17000000.0	17500000.0	18000000.0	18500000.0	19000000.0	19500000.0	20000000.0
14091800.0	14194700.0	15500000.0	16000000.0	16500000.0	17000000.0	17500000.0	18000000.0	18500000.0	19000000.0	19500000.0	20000000.0
14091800.0	14194700.0	15500000.0	16000000.0	16500000.0	17000000.0	17500000.0	18000000.0	18500000.0	19000000.0	19500000.0	20000000.0
14091800.0	14194700.0	15500000.0	16000000.0	16500000.0	17000000.0	17500000.0	18000000.0	18500000.0	19000000.0	19500000.0	20000000.0
14091800.0	14194700.0	15500000.0	16000000.0	16500000.0	17000000.0	17500000.0	18000000.0	18500000.0	19000000.0	19500000.0	20000000.0
14091800.0	14194700.0	15500000.0	16000000.0	16500000.0	17000000.0	17500000.0	18000000.0	18500000.0	19000000.0	19500000.0	20000000.0
14091800.0	14194700.0	15500000.0	16000000.0	16500000.0	17000000.0	17500000.0	18000000.0	18500000.0	19000000.0	19500000.0	20000000.0
14091800.0	14194700.0	15500000.0	16000000.0	16500000.0	17000000.0	17500000.0	18000000.0	18500000.0	19000000.0	19500000.0	20000000.0
14091800.0	14194700.0	15500000.0	16000000.0	16500000.0	17000000.0	17500000.0	18000000.0	18500000.0	19000000.0	19500000.0	20000000.0
14091800.0	14194700.0	15500000.0	16000000.0	16500000.0	17000000.0	17500000.0	18000000.0	18500000.0	19000000.0	19500000.0	20000000.0
14091800.0	14194700.0	15500000.0	16000000.0	16500000.0	17000000.0	17500000.0	18000000.0	18500000.0	19000000.0	19500000.0	20000000.0
14091800.0	14194700.0	15500000.0	16000000.0	16500000.0	17000000.0	17500000.0	18000000.0	18500000.0	19000000.0	19500000.0	20000000.0
14091800.0	14194700.0	15500000.0	16000000.0	16500000.0	17000000.0	17500000.0	18000000.0	18500000.0	19000000.0	19500000.0	20000000.0
14091800.0	14194700.0	15500000.0	16000000.0	16500000.0	17000000.0	17500000.0	18000000.0	18500000.0	19000000.0	19500000.0	20000000.0
14091800.0	14194700.0	15500000.0	16000000.0	16500000.0	17000000.0	17500000.0	18000000.0	18500000.0	19000000.0	19500000.0	20000000.0
14091800.0	14194700.0	15500000.0	16000000.0	16500000.0	17000000.0	17500000.0	18000000.0	18500000.0	19000000.0	19500000.0	20000000.0
14091800.0	14194700.0	15500000.0	16000000.0	16500000.0	17000000.0	17500000.0	18000000.0	18500000.0	19000000.0	19500000.0	20000000.0
14091800.0	14194700.0	15500000.0	16000000.0	16500000.0	17000000.0	17500000.0	18000000.0	18500000.0	19000000.0	19500000.0	20000000.0
14091800.0	14194700.0	15500000.0	16000000.0	16500000.0	17000000.0	17500000.0	18000000.0	18500000.0	19000000.0	19500000.0	20000000.0
14091800.0	14194700.0	15500000.0	16000000.0	16500000.0	17000000.0	17500000.0	18000000.0	18500000.0	19000000.0	19500000.0	20000000.0
14091800.0	14194700.0	15500000.0	16000000.0	16500000.0	17000000.0	17500000.0	18000000.0	18500000.0	19000000.0	19500000.0	20000000.0
14091800.0	14194700.0	15500000.0	16000000.0	16500000.0	17000000.0	17500000.0	18000000.0	18500000.0	19000000.0	19500000.0	20000000.0
14091800.0	14194700.0	15500000.0	16000000.0	16500000.0	17000000.0	17500000.0	18000000.0	18500000.0	19000000.0	19500000.0	20000000.0
14091800.0	14194700.0	15500000.0	16000000.0	16500000.0	17000000.0	17500000.0	18000000.0	18500000.0	19000000.0	19500000.0	20000000.0
14091800.0	14194700.0	15500000.0	16000000.0	16500000.0	17000000.0	17500000.0	18000000.0	18500000.0	19000000.0	19500000.0	20000000.0
14091800.0	14194700.0	15500000.0	16000000.0	16500000.0	17000000.0	17500000.0	18000000.0	18500000.0	19000000.0	19500000.0	20000000.0
14091800.0	14194700.0	15500000.0	16000000.0	16500000.0	17000000.0	17500000.0	18000000.0	18500000.0	19000000.0	19500000.0	20000000.0
14091800.0	14194700.0	15500000.0	16000000.0	16500000.0	17000000.0	17500000.0	18000000.0	18500000.0	19000000.0	19500000.0	20000000.0
14091800.0	14194700.0	15500000.0	16000000.0	16500000.0	17000000.0	17500000.0	18000000.0	18500000.0	19000000.0	19500000.0	20000000.0
14091800.0	14194700.0	15500000.0	16000000.0	16500000.0	17000000.0	17500000.0	18000000.0	18500000.0	19000000.0	19500000.0	20000000.0
14091800.0	14194700.0	15500000.0	16000000.0	16500000.0	17000000.0	17500000.0	18000000.0	18500000.0	19000000.0	19500000.0	20000000.0
14091800.0	14194700.0	15500000.0	16000000.0	16500000.0	17000000.0	17500000.0	18000000.0	18500000.0	19000000.0	19500000.0	20000000.0
14091800.0	14194700.0	15500000.0	16000000.0	16500000.0	17000000.0	17500000.0	18000000.0	18500000.0	19000000.0	19500000.0	20000000.0
14091800.0	14194700.0	15500000.0	16000000.0	16500000.0	17000000.0	17500000.0	18000000.0	18500000.0	19000000.0	19500000.0	20000000.0
14091800.0	14194700.0	15500000.0	16000000.0	16500000.0	17000000.0	17500000.0	18000000.0	18500000.0	19000000.0	19500000.0	20000000.0
14091800.0	14194700.0	15500000.0	16000000.0	16500000.0	17000000.0	17500000.0	18000000.0	18500000.0	19000000.0	19500000.0	20000000.0
14091800.0	14194700.0	15500000.0	16000000.0	16500000.0	17000000.0	17500000.0	18000000.0	18500000.0	19000000.0	19500000.0	20000000.0
14091800.0	14194700.0	15500000.0	16000000.0	16500000.0	17000000.0	17500000.0	18000000.0	18500000.0	19000000.0	19500000.0	20000000.0
14091800.0	14194700.0	15500000.0	16000000.0	16500000.0	17000000.0	17500000.0	18000000.0	18500000.0	19000000.0	19500000.0	20000000.0
14091800.0	14194700.0	15500000.0	16000000.0	16500000.0	17000000.0	17500000.0	18000000.0	18500000.0	19000000.0	19500000.0	20000000.0
14091800.0	14194700.0	15500000.0	16000000.0	16500000.0	17000000.0	17500000.0	18000000.0	18500000.0	19000000.0	19500000.0	20000000.0
14091800.0	14194700.0	15500000.0	16000000.0	16500000.0	17000000.0	17500000.0	18000000.0	18500000.0	19000000.0	19500000.0	20000000.0
14023700.0	14169900.0	15500000.0	16000000.0	16500000.0	17000000.0	17500000.0	18000000.0	18500000.0	19000000.0	19500000.0	20000000.0
14023700.0	14169900.0	15500000.0	16000000.0	16500000.0	17000000.0	17500000.0	18000000.0	18500000.0	19000000.0	19500000.0	20000000.0
14023700.0	14169900.0	15500000.0	16000000.0	16500000.0	17000000.0	17500000.0	18000000.0	18500000.0	19000000.0	19500000.0	20000000.0
14023700.0	14169900.0	15500000.0	16000000.0	16500000.0	17000000.0	17500000.0	18000000.0	18500000.0	19000000.0	19500000.0	20000000.0
14023700.0	14169900.0	15500000.0	16000000.0	16500000.0	17000000.0	17500000.0	18000000.0	18500000.0	19000000.0	19500000.0	20000000.0
14023700.0	14169900.0	15500000.0	16000000.0	16500000.0	17000000.0	17500000.0	18000000.0	18500000.0	19000000.0	19500000.0	20000000.0
14023700.0	14169900.0	15500000.0	16000000.0	16500000.0	17000000.0	17500000.0	18000000.0	18500000.0	19000000.0	19500000.0	20000000.0
14023700.0	14169900.0	15500000.0	16000000.0	16500000.0	17000000.0	17500000.0	18000000.0	18500000.0	19000000.0	19500000.0	20000000.0
14023700.0	14169900.0	15500000.0	16000000.0	16500000.0	17000000.0	17500000.0	18000000.0	18500000.0	19000000.0	19500000.0	20000000.0
14023700.0	14169900.0	15500000.0	16000000.0	16500000.0	17000000.0	17500000.0	18000000.0	18500000.0	19000000.0	19500000.0	20000000.0
14023700.0	14169900.0	15500000.0	16000000.0	16500000.0	17000000.0	17500000.0	18000000.0	18500000.0	19000000.0	19500000.0	20000000.0
14023700.0	14169900.0	15500000.0	16000000.0	16500000.0	17000000.0	17500000.0	18000000.0	18500000.0	19000000.0	19500000.0	20000000.0
14023700.0	14169900.0	15500000.0	16000000.0	16500000.0	17000000.0	17500000.0	18000000.0	18500000.0	19000000.0	19500000.0	20000000.0
14023700.0	14169900.0	15500000.0	16000000.0	16500000.0	17000000.0	17500000.0	18000000.0	18500000.0	19000000.0	19500000.0	20000000.0
14023700.0	14169900.0	15500000.0	16000000.0	16500000.0	17000000.0	17500000.0	18000000.0	18500000.0	19000000.0	19500000.0	20000000.0
14023700.0	14169900.0	15500000.0	16000000.0	16500000.0	17000000.0	17500000.0	18000000.0	18500000.0	19000000.0	19500000.0	20000000.0
14023700.0	14169900.0	15500000.0	16000000.0	16500000.0	17000000.0	17500000.0	18000000.0	18500000.0	19000000.0	19500000.0	20000000.0
14023700.0	14169900.0	15500000.0	16000000.0	16500000.0	17000000.0	17500000.0	18000000.0	18500000.0	19000000.0	19500000.0	20000000.0
14023700.0	14169900.0	15500000.0	16000000.0	16500000.0	17000000.0	17500000.0	18000000.0	18500000.0	19000000.0	19500000.0	20000000.0
14023700.0	14169900.0	15500000.0	16000000.0	16500000.0	17000000.0	17500000.0	18000000.0	18500000.0	19000000.0	19500000.0	20000000.0
14023700.0	14169900.0	15500000.0	16000000.0	16500000.0	17000000.0	17500000.0	18000000.0	18500000.0	19000000.0	19500000.0	20000000.0
14023700.0	14169900.0	15500000.0	16000000.0	16500000.0	17000000.0	17500000.0	18000000.0	18500000.0	19000000.0	19500000.0	20000000.0
14023700.0	14169900.0	15500000.0	16000000.0	16500000.0	17000000.0	17500000.0	18000000.0	18500000.0	19000000.0	19500000.0	20000000.0
14023700.0	14169900.0	15500000.0	16000000.0	16500000.0	17000000.0	17500000.0	18000000.0	18500000.0	19000000.0	19500000.0	20000000.0
14023700.0	14169900.0	15500000.0	16000000.0	16500000.0	17000000.0	17500000.0	18000000.0	18500000.0	19000000.0	19500000.0	20000000.0
14023700.0	14169900.0	15500000.0	16000000.0	16500000.0	17000000.0	17500000.0	18000000.0	18500000.0	19000000.0	19500000.0	20000000.0
14023700.0	14169900.0	15500000.0	16000000.0	16500000.0	17000000.0	17500000.0	18000000.0	18500000.0	19000000.0	19500000.0	20000000.0
14023700.0	14169900.0	15500000.0	16000000.0	16500000.0	17000000.0	17500000.0	18000000.0	18500000.0	19000000.0	19500000.0	20000000.0
14023700.0	14169900.0	15500000.0	16000000.0	16500000.0	17000000.0	17500000.0	18000000.0	18500000.0	19000000.0	19500000.0	20000000.0
14023700.0	14169900.0	15500000.0	16000000.0	16500000.0	17000000.0	17500000.0	18000000.0	18500000.0	19000000.0	19500000.0	20000000.0
14023700.0	14169900.0	15500000.0	16000000.0	16500000.0	17000000.0	17500000.0	18000000.0	18500000.0	19000000.0	19500000.0	20000000.0
14023700.0	14169900.0	15500000.0	16000000.0	16500000.0	17000000.0	17500000.0	18000000.0	18500000.0	19000000.0	19500000.0	20000000.0
14023700.0	14169900.0	15500000.0	16000000.0	16500000.0	17000000.0	17500000.0	18000000.0	18500000.0	19000000.0	19500000.0	20000000.0
14023700.0	14169900.0	15500000.0	16000000.0	16500000.0	17000000.0	17500000.0	18000000.0	18500000.0	19000000.0	19500000.0	20000000.0
14023700.0	14169900.0	15500000.0	16000000.0	16500000.0	17000000.0	17500000.0	18000000.0	18500000.0	19000000.0	19500000.0	20000000.0
14023700.0	14169900.0	15500000.0	16000000.0	16500000.0	17000000.0	17500000.0	18000000.0	18500000.0	19000000.0	19500000.0	20000000.0
14023700.0	14169900.0	15500000.0	16000000.0	16500000.0	17000000.0	17500000.0	18000000.0	18500000.0	19000000.0	19500000.0	20000000.0
14023700.0	14169900.0	15500000.0	16000000.0	16500000.0	17000000.0	17500000.0	18000000.0	18500000.0	19000000.0	19500000.0	20000000.0
14023700.0	14169900.0	15500000.0	16000000.0	16500000.0	17000000.0	17500000.0	18000000.0	18500000.0	19000000.0	19500000.0	20000000.0
14023700.0	14169900.0	15500000.0	16000000.0	16500000.0	17000000.0	17500000.0	18000000.0	18500000.0	19000000.0	19500000.0	20000000.0
14023700.0	14169900.0	15500000.0	16000000.0	16500000.0	17000000.0	17500000.0	18000000.0	18500000.0	19000000.0	19500000.0	20000000.0
14023700.0	14169900.0	15500000.0	16000000.0	16500000.0	17000000.0	17500000.0	18000000.0	18500000.0	19000000.0	19500000.0	20000000.0
14023700.0	14169900.0	15500000.0	16000000.0	16500000.0	17000000.0	17500000.0	18000000.0	18500000.0	19000000.0	19500000.0	20000000.0
14023700.0	14169900.0	15500000.0	16000000.0	16500000.0	17000000.0	17500000.0	18000000.0	18500000.0	19000000.0	19500000.0	20000000.0
14023700.0	14169900.0	15500000.0	16000000.0	16500000.0	17000000.0	17500000.0	18000000.0	18500000.0	19000000.0	19500000.0	20000000.0
14023700.0	14169900.0	15500000.0	16000000.0	16500000.0	17000000.0	17500000.0	18000000.0	18500000.0	19000000.0	19500000.0	20000000.0
14023700.0	14169900.0	15500000.0	16000000.0	16500000.0	17000000.0	17500000.0	18000000.0	18500000.0	19000000.0	19500000.0	20000000.0
14023700.0	14169900.0	15500000.0	16000000.0	16500000.0	17000000.0	17500000.0	18000000.0	18500000.0	19000000.0	19500000.0	20000000.0
14023700.0	14169900.0	15500000.0	16000000.0	16500000.0	17000000.0	17500000.0	18000000.0	18500000.0	19000000.0	19500000.0	20000000.0
14023700.0	14169900.0	15500000.0	16000000.0	16500000.0	17000000.0	17500000.0	18000000.0	18500000.0	19000000.0	19500000.0	20000000.0
14023700.0	14169900.0	15500000.0	16000000.0	16500000.0	17000000.0	17500000.0	18000000.0	18500000.0	19000000.0	19500000.0	20000000.0
14023700.0	14169900.0	15500000.0	16000000.0	16500000.0	17000000.0	17500000.0	18000000.0	18500000.0	19000000.0	19500000.0	20000000.0
14023700.0	14169900.0	15500000.0	16000000.0	16500000.0	17000000.0	17500000.0	18000000.0	18500000.0	19000000.0	19500000.0	20000000.0
14023700.0	14169900.0	15500000.0	16000000.0	16500000.0	17000000.0	17500000.0	18000000.0	18500000.0	19000000.0	19500000.0	20000000.0
14023700.0	14169900.0	15500000.0	16000000.0	16500000.0	17000000.0	17500000.0	18000000.0	18500000.0	19000000.0	19500000.0	20000000.0
14023700.0	14169900.0	15500000.0	16000000.0	16500000.0	17000000.0	17500000.0	18000000.0	18500000.0	19000000.0	19500000.0	20000000.0
14023700.0	14169900.0	15500000.0	16000000.0	16500000.0	17000000.0	17500000.0	18000000.0	18500000.0	19000000.0	19500000.0	20000000.0
14023700.0	14169900.0	15500000.0	16000000.0	16500000.0	17000000.0	17500000.0	18000000.0	18500000.0	19000000.0	19500000.0	20000000.0
14023700.0	14169900.0	15500000.0	16000000.0	16500000.0	17000000.0	17500000.0	18000000.0	18500000.0	19000000.0	19500000.0	20000000.0
14023700.0	14169900.0	15500000.0	16000000.0	16500000.0	17000000.0	17500000.0	18000000.0	18500000.0	19000000.0	19500000.0	20000000.0
14023700.0	14169900.0	15500000.0	16000000.0	16500000.0	17000000.0	17500000.0	18000000.0	18500000.0	19000000.0	19500000.0	20000000.0
14023700.0	14169900.0	15500000.0	16000000.0	16500000.0	17000000.0	17500000.0	18000000.0	18500000.0	19000000.0	19500000.0	20000000.0
14023700.0	14169900.0	15500000.0	16000000.0	16500000.0	17000000.0	17500000.0	18000000.0	18500000.0	19000000.0	19500000.0	20000000.0
14023700.0	14169900.0	15500000.0	16000000.0	16500000.0	17000000.0	17500000.0	18000000.0	18500000.0	19000000.0	19500000.0	20000000.0
14023700.0	14169900.0	15500000.0	16000000.0	16500000.0	17000000.0	17500000.0	18000000.0	18500000.0	19000000.0	19500000.0	20000000.0
14023700.0	14169900.0	15500000.0	16000000.0	16500000.0	17000000.0	17500000.0	18000000.0	18500000.0	19000000.0	19500000.0	20000000.0
14023700.0	14169900.0	15500000.0	16000000.0	16500000.0	17000000.0	17500000.0	18000000.0	18500000.0	19000000.0	19500000.0	20000000.0
14023700.0	14169900.0	15500000.0	16000000.0	16500000.0	17000000.0	17500000.0	18000000.0	18500000.0	19000000.0	19500000.0	20000000.0
14023700.0	14169900.0	15500000.0	16000000.0	16500000.0	17000000.0	17500000.0	18000000.0	18500000.0	19000000.0	19500000.0	20000000.0
14023700.0	14169900.0	15500000.0	16000000.0	16500000.0	17000000.0	17500000.0	18000000.0	18500000.0	19000000.0	19500000.0	20000000.0
14023700.0	14169900.0	15500000.0	16000000.0	16500000.0	17000000.0	17500000.0	18000000.0	18500000.0	19000000.0	19500000.0	20000000.0
14023700.0	14169900.0	15500000.0	16000000.0	16500000.0	17000000.0	17500000.0	18000000.0	18500000.0	19000000.0	19500000.0	20000000.0
14023700.0	14169900.0	15500000.0	16000000.0	16500000.0	17000000.0	17500000.0	18000000.0	18500000.0	19000000.0	19500000.0	20000000.0
14023700.0	14169900.0	15500000.0	16000000.0	16500000.0	17000000.0	17500000.0	18000000.0	18500000.0	19000000.0	19500000.0	20000000.0
14023700.0	14169900.0	15500000.0	16000000.0	16500000.0	17000000.0	17500000.0	18000000.0	18500000.0	19000000.0	19500000.0	20000000.0
14023700.0	14169900.0	15500000.0	16000000.0	16500000.0	17000000.0	17500000.0	18000000.0	18500000.0	19000000.0	19500000.0	20000000.0
14023700.0	14169900.0	15500000.0	16000000.0	16500000.0	17000000.0	17500000.0	18000000.0	18500000.0	19000000.0	19500000.0	20000000.0
14023700.0	14169900.0	15500000.0	16000000.0	16500000.0	17000000.0	17500000.0	18000000.0	18500000.0	19000000.0	19500000.0	20000000.0
14023700.0	14169900.0	15500000.0	16000000.0	16500000.0	17000000.0	17500000.0	18000000.0	18500000.0	19000000.0	19500000.0	20000000.0
14023700.0	14169900.0	15500000.0	16000000.0	16500000.0	17000000.0	17500000.0	18000000.0	18500000.0	19000000.0	19500000.0	20000000.0
14023700.0	14169900.0	15500000.0	16000000.0	16500000.0	17000000.0	17500000.0	18000000.0	18500000.0	19000000.0	19500000.0	20000000.0
14023700.0	14169900.0	15500000.0	16000000.0	16500000.0	17000000.0	17500000.0	18000000.0	18500000.0	19000000.0	19500000.0	20000000.0
14023700.0	14169900.0	15500000.0	16000000.0	16500000.0	17000000.0	17500000.0	18000000.0	18500000.0	19000000.0	19500000.0	20000000.0
14023700.0	14169900.0	15500000.0	16000000.0	16500000.0	17000000.0	17500000.0	18000000.0	18500000.0	19000000.0	19500000.0	20000000.0
14023700.0	14169900.0	15500000.0	16000000.0	16500000.0	17000000.0	17500000.0	18000000.0	18500000.0	19000000.0	19500000.0	20000000.0
14023700.0	14169900.0	15500000.0	16000000.0	16500000.0	17000000.0	17500000.0	18000000.0	18500000.0	19000000.0	19500000.0	20000000.0
14023700.0	14169900.0	15500000.0	16000000.0	16500000.0	17000000.0	17500000.0	18000000.0	18500000.0	19000000.0	19500000.0	20000000.0
14023700.0	14169900.0	15500000.0	16000000.0	16500000.0	17000000.0	17500000.0	18000000.0	18500000.0	19000000.0	19500000.0	20000000.0
14023700.0	14169900.0	15500000.0	16000000.0	16500000.0	17000000.0	17500000.0	18000000.0	18500000.0	19000000.0	19500000.0	20000000.0
14023700.0	14169900.0	15500000.0	16000000.0	16500000.0	17000000.0	17500000.0	18000000.0	18500000.0	19000000.0	19500000.0	20000000.0
14023700.0	14169900.0	15500000.0	16000000.0	16500000.0	17000000.0	17500000.0	18000000.0	18500000.0	19000000.0	19500000.0	20000000.0
14023700.0	14169900.0	15500000.0	16000000.0	16500000.0	17000000.0	17500000.0	18000000.0	18500000.0	19000000.0	19500000.0	20000000.0
14023700.0	14169900.0	15500000.0	16000000.0	16500000.0	17000000.0	17500000.0	18000000.0	18500000.0	19000000.0	19500000.0	20000000.0
14023700.0	14169900.0	15500000.0	16000000.0	16500000.0	17000000.0	17500000.0	18000000.0	18500000.0	19000000.0	19500000.0	20000000.0
14023700.0	14169900.0	15500000.0	16000000.0	16500000.0	17000000.0	17500000.0	18000000.0	18500000.0	19000000.0	19500000.0	20000000.0
14023700.0	14169900.0	15500000.0	16000000.0	16500000.0	17000000.0	17500000.0	18000000.0	18500000.0	19000000.0	19500000.0	20000000.0
14023700.0	14169900.0	15500000.0	16000000.0	16500000.0	17000000.0	17500000.0	18000000.0	18500000.0	19000000.0	19500000.0	20000000.0
14023700.0	14169900.0	15500000.0	16000000.0	16500000.0	17000000.0	17500000.0	18000000.0	18500000.0	19000000.0	19500000.0	20000000.0
14023700.0	14169900.0	15500000.0	16000000.0	16500000.0	17000000.0	17500000.0	18000000.0	18500000.0	19000000.0	19500000.0	20000000.0
14023700.0	14169900.0	15500000.0	16000000.0	16500000.0	17000000.0	17500000.0	18000000.0	18500000.0	19000000.0	19500000.0	20000000.0
14023700.0	14169900.0	15500000.0	16000000.0	16500000.0	17000000.0	17500000.0	18000000.0	18500000.0	19000000.0	19500000.0	20000000.0
14023700.0	14169900.0	15500000.0	16000000.0	16500000.0	17000000.0	17500000.0	18000000.0	18500000.0	19000000.0	19500000.0	20000000.0
14023700.0	14169900.0	15500000.0	16000000.0	16500000.0	17000000.0	17500000.0	18000000.0	18500000.0	19000000.0	19500000.0	20000000.0
14023700.0	14169900.0	15500000.0	16000000.0	16500000.0	17000000.0	17500000.0	18000000.0	18500000.0	19000000.0	19500000.0	20000000.0
14023700.0	14169900.0	15500000.0	16000000.0	16500000.0	17000000.0	17500000.0	18000000.0	18500000.0	19000000.0	19500000.0	20000000.0
14023700.0	14169900.0	15500000.0	16000000.0	16500000.0	17000000.0	17500000.0	18000000.0	18500000.0	19000000.0	19500000.0	20000000.0
14023700.0	14169900.0	15500000.0	16000000.0	16500000.0	17000000.0	17500000.0	18000000.0	18500000.0	19000000.0	19500000.0	20000000.0
14023700.0	14169900.0	15500000.0	16000000.0	16500000.0	17000000.0	17500000.0	18000000.0	18500000.0	19000000.0	19500000.0	20000000.0
14023700.0	14169900.0	15500000.0	16000000.0	16500000.0	17000000.0	17500000.0	18000000.0	18500000.0	19000000.0	19500000.0	20000000.0
14023700.0	14169900.0	15500000.0	16000000.0	16500000.0	17000000.0	17500000.0	18000000.0	18500000.0	19000000.0	19500000.0	20000000.0
14023700.0	14169900.0	15500000.0	16000000.0	16500000.0	17000000.0	17500000.0	18000000.0	18500000.0	19000000.0	19500000.0	20000000.0
14023700.0	14169900.0	15500000.0	16000000.0	16500000.0	17000000.0	17500000.0	18000000.0	18500000.0	19000000.0	19500000.0	20000000.0
14023700.0	14169900.0	15500000.0	16000000.0	16500000.0	17000000.0	17500000.0	18000000.0	18500000.0	19000000.0	19500000.0	20000000.0
14023700.0	14169900.0	15500000.0	16000000.0	16500000.0	17000000.0	17500000.0	18000000.0	18500000.0	19000000.0	19500000.0	20000000.0
14023700.0	14169900.0	15500000.0	16000000.0	16500000.0	17000000.0	17500000.0	18000000.0	18500000.0	19000000.0	19500000.0	20000000.0
14023700.0	14169900.0	15500000.0	16000000.0	16500000.0	17000000.0	17500000.0	18000000.0	18500000.0	19000000.0	19500000.0	20000000.0
14023700.0	14169900.0	15500000.0	16000000.0	16500000.0	17000000.0	17500000.0	18000000.0	18500000.0	19000000.0	19500000.0	20000000.0
14023700.0	14169900.0	15500000.0	16000000.0	16500000.0	17000000.0	17500000.0	18000000.0	18500000.0	19000000.0	19500000.0	20000000.0
14023700.0	14169900.0	15500000.0	16000000.0	16500000.0	17000000.0	17500000.0	18000000.0	18500000.0	19000000.0	19500000.0	20000000.0
14023700.0	14169900.0	15500000.0	16000000.0	16500000.0	17000000.0	17500000.0	18000000.0	18500000.0	19000000.0	19500000.0	20000000.0
14023700.0	14169900.0	15500000.0	16000000.0	16500000.0	17000000.0	17500000.0	18000000.0	18500000.0	19000000.0	19500000.0	20000000.0
14023700.0	14169900.0	15500000.0	16000000.0	16500000.0	17000000.0	17500000.0	18000000.0	18500000.0	19000000.0	19500000.0	20000000.0
14023700.0	14169900.0	15500000.0	16000000.0	16500000.0	17000000.0	17500000.0	18000000.0	18500000.0	19000000.0	19500000.0	20000000.0
14023700.0	14169900.0	15500000.0	16000000.0	16500000.0	17000000.0	17500000.0	18000000.0	18500000.0	19000000.0	19500000.0	20000000.0
14023700.0	14169900.0	15500000.0	16000000.0	16500000.0	17000000.0	17500000.0	18000000.0	18500000.0	19000000.0	19500000.0	20000000.0
14023700.0	14169900.0	15500000.0	16000000.0	16500000.0	17000000.0	17500000.0	18000000.0	18500000.0	19000000.0	19500000.0	20000000.0
14023700.0	14169900.0	15500000.0	16000000.0	16500000.0	17000000.0	17500000.0	18000000.0	18500000.0	19000000.0	19500000.0	20000000.0
14023700.0	14169900.0	15500000.0	16000000.0	16500000.0	17000000.0	17500000.0	18000000.0	18500000.0	19000000.0	19500000.0	20000000.0
14023700.0	14169900.0	15500000.0	16000000.0	16500000.0	17000000.0	17500000.0	18000000.0	18500000.0	19000000.0	19500000.0	20000000.0
14023700.0	14169900.0	15500000.0	16000000.0	16500000.0	17000000.0	17500000.0	18000000.0	18500000.0	19000000.0	19500000.0	20000000.0
14023700.0	14169900.0	15500000.0	16000000.0	16500000.0	17000000.0	17500000.0	18000000.0	18500000.0	19000000.0	19500000.0	20000000.0
14023700.0	14169900.0	15500000.0	16000000.0	16500000.0	17000000.0	17500000.0	18000000.0	18500000.0	19000000.0	19500000.0	20000000.0
14023700.0	14169900.0	15500000.0	16000000.0	16500000.0	17000000.0	17500000.0	18000000.0	18500000.0	19000000.0	19500000.0	20000000.0
14023700.0	14169900.0	15500000.0	16000000.0	16500000.0	17000000.0	17500000.0	18000000.0	18500000.0	19000000.0	19500000.0	20000000.0
14023700.0	14169900.0	15500000.0	16000000.0	16500000.0	17000000.0	17500000.0	18000000.0	18500000.0	19000000.0	19500000.0	20000000.0
14023700.0	14169900.0	15500000.0	16000000.0	16500000.0	17000000.0	17500000.0	18000000.0	18500000.0	19000000.0	19500000.0	20000000.0
14023700.0	14169900.0	15500000.0	16000000.0	16500000.0	17000000.0	17500000.0	18000000.0	18500000.0	19000000.0	19500000.0	20000000.0
14023700.0	14169900.0	15500000.0	16000000.0	16500000.0	17000000.0	17500000.0	18000000.0	18500000.0	19000000.0	19500000.0	20000000.0
14023700.0	14169900.0	15500000.0	16000000.0	16500000.0	17000000.0	17500000.0	18000000.0	18500000.0	19000000.0	19500000.0	20000000.0
14023700.0	14169900.0	15500000.0	16000000.0	16500000.0	17000000.0	17500000.0	18000000.0	18500000.0	19000000.0	19500000.0	20000000.0
14023700.0	14169900.0	15500000.0	16000000.0	16500000.0	17000000.0	17500000.0	18000000.0	18500000.0	19000000.0	19500000.0	20000000.0
14023700.0	14169900.0	15500000.0	16000000.0	16500000.0	17000000.0	17500000.0	18000000.0	18500000.0	19000000.0	19500000.0	20000000.0
14023700.0	14169900.0	15500000.0	16000000.0	16500000.0	17000000.0	17500000.0	18000000.0	18500000.0	19000000.0	19500000.0	20000000.0
14023700.0	14169900.0	15500000.0	16000000.0	16500000.0	17000000.0	17500000.0	18000000.0	18500000.0	19000000.0	19500000.0	20000000.0
14023700.0	14169900.0	15500000.0	16000000.0	16500000.0	17000000.0	17500000.0	18000000.0	18500000.0	19000000.0	19500000.0	20000000.0
14023700.0	14169900.0	15500000.0	16000000.0	16500000.0	17000000.0	17500000.0	18000000.0	18500000.0	19000000.0	19500000.0	20000000.0
14023700.0	14169900.0	15500000.0	16000000.0	16500000.0	17000000.0	17500000.0	18000000.0	18500000.0	19000000.0	19500000.0	20000000.0
14023700.0	14169900.0	15500000.0	16000000.0	16500000.0	17000000.0	17500000.0	18000000.0	18500000.0	19000000.0	19500000.0	20000000.0
14023700.0	14169900.0	15500000.0	16000000.0	16500000.0	17000000.0	17500000.0	18000000.0	18500000.0	19000000.0	19500000.0	20000000.0
14023700.0	14169900.0	15500000.0	16000000.0	16500000.0	17000000.0	17500000.0	18000000.0	18500000.0	19000000.0	19500000.0	20000000.0
14023700.0	14169900.0	15500000.0	16000000.0	16500000.0	17000000.0	17500000.0	18000000.0	18500000.0	19000000.0	19500000.0	20000000.0
14023700.0	14169900.0	15500000.0	16000000.0	16500000.0	17000000.0	17500000.0	18000000.0	18500000.0	19000000.0	19500000.0	20000000.0
14023700.0	14169900.0	15500000.0	16000000.0	16500000.0	17000000.0	17500000.0	18000000.0	18500000.0	19000000.0	19500000.0	20000000.0
14023700.0	14169900.0	15500000.0	16000000.0	16500000.0	17000000.0	17500000.0	18000000.0	18500000.0	19000000.0	19500000.0	20000000.0
14023700.0	14169900.0	15500000.0	16000000.0	16500000.0	17000000.0	17500000.0	18000000.0	18500000.0	19000000.0	19500000.0	20000000.0
13765900.0	15000000.0	15500000.0	16000000.0	16500000.0	17000000.0	17500000.0	18000000.0	18500000.0	19000000.0	19500000.0	20000000.0
13765900.0	15000000.0	15500000.0	16000000.0	16500000.0	17000000.0	17500000.0	18000000.0	18500000.0	19000000.0	19500000.0	20000000.0
13742600.0	14008600.0	15000000.0	15500000.0	16000000.0	16500000.0	17000000.0	17500000.0	18000000.0	18500000.0	19000000.0	19500000.0	20000000.0
14008600.0	15500000.0	16000000.0	16500000.0	17000000.0	17500000.0	18000000.0	18500000.0	19000000.0	19500000.0	20000000.0
14043100.0	14215200.0	14500000.0	15000000.0	15500000.0	16000000.0	16500000.0	17000000.0	17500000.0	18000000.0	18500000.0	19000000.0	19500000.0	20000000.0
13723600.0	13993800.0	15000000.0	15500000.0	16000000.0	16500000.0	17000000.0	17500000.0	18000000.0	18500000.0	19000000.0	19500000.0	20000000.0
13993800.0	15500000.0	16000000.0	16500000.0	17000000.0	17500000.0	18000000.0	18500000.0	19000000.0	19500000.0	20000000.0
14034700.0	14206500.0	14500000.0	15000000.0	15500000.0	16000000.0	16500000.0	17000000.0	17500000.0	18000000.0	18500000.0	19000000.0	19500000.0	20000000.0
14034700.0	14206500.0	14500000.0	15000000.0	15500000.0	16000000.0	16500000.0	17000000.0	17500000.0	18000000.0	18500000.0	19000000.0	19500000.0	20000000.0
14034700.0	14206500.0	14500000.0	15000000.0	15500000.0	16000000.0	16500000.0	17000000.0	17500000.0	18000000.0	18500000.0	19000000.0	19500000.0	20000000.0
14034700.0	14206500.0	14500000.0	15000000.0	15500000.0	16000000.0	16500000.0	17000000.0	17500000.0	18000000.0	18500000.0	19000000.0	19500000.0	20000000.0
14034700.0	14206500.0	14500000.0	15000000.0	15500000.0	16000000.0	16500000.0	17000000.0	17500000.0	18000000.0	18500000.0	19000000.0	19500000.0	20000000.0
13779850.0	13811000.0	16000000.0	17000000.0	18000000.0	19000000.0	20000000.0
13811000.0	16000000.0	17000000.0	18000000.0	19000000.0	20000000.0
13731700.0	15000000.0	15500000.0	16000000.0	16500000.0	17000000.0	17500000.0	18000000.0	18500000.0	19000000.0	19500000.0	20000000.0
13731700.0	15000000.0	15500000.0	16000000.0	16500000.0	17000000.0	17500000.0	18000000.0	18500000.0	19000000.0	19500000.0	20000000.0
13731700.0	15000000.0	15500000.0	16000000.0	16500000.0	17000000.0	17500000.0	18000000.0	18500000.0	19000000.0	19500000.0	20000000.0
13731700.0	15000000.0	15500000.0	16000000.0	16500000.0	17000000.0	17500000.0	18000000.0	18500000.0	19000000.0	19500000.0	20000000.0
13731700.0	15000000.0	15500000.0	16000000.0	16500000.0	17000000.0	17500000.0	18000000.0	18500000.0	19000000.0	19500000.0	20000000.0
13731700.0	15000000.0	15500000.0	16000000.0	16500000.0	17000000.0	17500000.0	18000000.0	18500000.0	19000000.0	19500000.0	20000000.0
13731700.0	15000000.0	15500000.0	16000000.0	16500000.0	17000000.0	17500000.0	18000000.0	18500000.0	19000000.0	19500000.0	20000000.0
13731700.0	15000000.0	15500000.0	16000000.0	16500000.0	17000000.0	17500000.0	18000000.0	18500000.0	19000000.0	19500000.0	20000000.0
13731700.0	15000000.0	15500000.0	16000000.0	16500000.0	17000000.0	17500000.0	18000000.0	18500000.0	19000000.0	19500000.0	20000000.0
13731700.0	15000000.0	15500000.0	16000000.0	16500000.0	17000000.0	17500000.0	18000000.0	18500000.0	19000000.0	19500000.0	20000000.0
13731700.0	15000000.0	15500000.0	16000000.0	16500000.0	17000000.0	17500000.0	18000000.0	18500000.0	19000000.0	19500000.0	20000000.0
13731700.0	15000000.0	15500000.0	16000000.0	16500000.0	17000000.0	17500000.0	18000000.0	18500000.0	19000000.0	19500000.0	20000000.0
13731700.0	15000000.0	15500000.0	16000000.0	16500000.0	17000000.0	17500000.0	18000000.0	18500000.0	19000000.0	19500000.0	20000000.0
13731700.0	15000000.0	15500000.0	16000000.0	16500000.0	17000000.0	17500000.0	18000000.0	18500000.0	19000000.0	19500000.0	20000000.0
13731700.0	15000000.0	15500000.0	16000000.0	16500000.0	17000000.0	17500000.0	18000000.0	18500000.0	19000000.0	19500000.0	20000000.0
13731700.0	15000000.0	15500000.0	16000000.0	16500000.0	17000000.0	17500000.0	18000000.0	18500000.0	19000000.0	19500000.0	20000000.0
13731700.0	15000000.0	15500000.0	16000000.0	16500000.0	17000000.0	17500000.0	18000000.0	18500000.0	19000000.0	19500000.0	20000000.0
13731700.0	15000000.0	15500000.0	16000000.0	16500000.0	17000000.0	17500000.0	18000000.0	18500000.0	19000000.0	19500000.0	20000000.0
13731700.0	15000000.0	15500000.0	16000000.0	16500000.0	17000000.0	17500000.0	18000000.0	18500000.0	19000000.0	19500000.0	20000000.0
13731700.0	15000000.0	15500000.0	16000000.0	16500000.0	17000000.0	17500000.0	18000000.0	18500000.0	19000000.0	19500000.0	20000000.0
13731700.0	15000000.0	15500000.0	16000000.0	16500000.0	17000000.0	17500000.0	18000000.0	18500000.0	19000000.0	19500000.0	20000000.0
13731700.0	15000000.0	15500000.0	16000000.0	16500000.0	17000000.0	17500000.0	18000000.0	18500000.0	19000000.0	19500000.0	20000000.0
13731700.0	15000000.0	15500000.0	16000000.0	16500000.0	17000000.0	17500000.0	18000000.0	18500000.0	19000000.0	19500000.0	20000000.0
13731700.0	15000000.0	15500000.0	16000000.0	16500000.0	17000000.0	17500000.0	18000000.0	18500000.0	19000000.0	19500000.0	20000000.0
13731700.0	15000000.0	15500000.0	16000000.0	16500000.0	17000000.0	17500000.0	18000000.0	18500000.0	19000000.0	19500000.0	20000000.0
13731700.0	15000000.0	15500000.0	16000000.0	16500000.0	17000000.0	17500000.0	18000000.0	18500000.0	19000000.0	19500000.0	20000000.0
13731700.0	15000000.0	15500000.0	16000000.0	16500000.0	17000000.0	17500000.0	18000000.0	18500000.0	19000000.0	19500000.0	20000000.0
13731700.0	15000000.0	15500000.0	16000000.0	16500000.0	17000000.0	17500000.0	18000000.0	18500000.0	19000000.0	19500000.0	20000000.0
13731700.0	15000000.0	15500000.0	16000000.0	16500000.0	17000000.0	17500000.0	18000000.0	18500000.0	19000000.0	19500000.0	20000000.0
13731700.0	15000000.0	15500000.0	16000000.0	16500000.0	17000000.0	17500000.0	18000000.0	18500000.0	19000000.0	19500000.0	20000000.0
13731700.0	15000000.0	15500000.0	16000000.0	16500000.0	17000000.0	17500000.0	18000000.0	18500000.0	19000000.0	19500000.0	20000000.0
13731700.0	15000000.0	15500000.0	16000000.0	16500000.0	17000000.0	17500000.0	18000000.0	18500000.0	19000000.0	19500000.0	20000000.0
13731700.0	15000000.0	15500000.0	16000000.0	16500000.0	17000000.0	17500000.0	18000000.0	18500000.0	19000000.0	19500000.0	20000000.0
13731700.0	15000000.0	15500000.0	16000000.0	16500000.0	17000000.0	17500000.0	18000000.0	18500000.0	19000000.0	19500000.0	20000000.0
13731700.0	15000000.0	15500000.0	16000000.0	16500000.0	17000000.0	17500000.0	18000000.0	18500000.0	19000000.0	19500000.0	20000000.0
13731700.0	15000000.0	15500000.0	16000000.0	16500000.0	17000000.0	17500000.0	18000000.0	18500000.0	19000000.0	19500000.0	20000000.0
13731700.0	15000000.0	15500000.0	16000000.0	16500000.0	17000000.0	17500000.0	18000000.0	18500000.0	19000000.0	19500000.0	20000000.0
13731700.0	15000000.0	15500000.0	16000000.0	16500000.0	17000000.0	17500000.0	18000000.0	18500000.0	19000000.0	19500000.0	20000000.0
13731700.0	15000000.0	15500000.0	16000000.0	16500000.0	17000000.0	17500000.0	18000000.0	18500000.0	19000000.0	19500000.0	20000000.0
13731700.0	15000000.0	15500000.0	16000000.0	16500000.0	17000000.0	17500000.0	18000000.0	18500000.0	19000000.0	19500000.0	20000000.0
13731700.0	15000000.0	15500000.0	16000000.0	16500000.0	17000000.0	17500000.0	18000000.0	18500000.0	19000000.0	19500000.0	20000000.0
13731700.0	15000000.0	15500000.0	16000000.0	16500000.0	17000000.0	17500000.0	18000000.0	18500000.0	19000000.0	19500000.0	20000000.0
13731700.0	15000000.0	15500000.0	16000000.0	16500000.0	17000000.0	17500000.0	18000000.0	18500000.0	19000000.0	19500000.0	20000000.0
13731700.0	15000000.0	15500000.0	16000000.0	16500000.0	17000000.0	17500000.0	18000000.0	18500000.0	19000000.0	19500000.0	20000000.0
13731700.0	15000000.0	15500000.0	16000000.0	16500000.0	17000000.0	17500000.0	18000000.0	18500000.0	19000000.0	19500000.0	20000000.0
13731700.0	15000000.0	15500000.0	16000000.0	16500000.0	17000000.0	17500000.0	18000000.0	18500000.0	19000000.0	19500000.0	20000000.0
13731700.0	15000000.0	15500000.0	16000000.0	16500000.0	17000000.0	17500000.0	18000000.0	18500000.0	19000000.0	19500000.0	20000000.0
13731700.0	15000000.0	15500000.0	16000000.0	16500000.0	17000000.0	17500000.0	18000000.0	18500000.0	19000000.0	19500000.0	20000000.0
13731700.0	15000000.0	15500000.0	16000000.0	16500000.0	17000000.0	17500000.0	18000000.0	18500000.0	19000000.0	19500000.0	20000000.0
13731700.0	15000000.0	15500000.0	16000000.0	16500000.0	17000000.0	17500000.0	18000000.0	18500000.0	19000000.0	19500000.0	20000000.0
13731700.0	15000000.0	15500000.0	16000000.0	16500000.0	17000000.0	17500000.0	18000000.0	18500000.0	19000000.0	19500000.0	20000000.0
13731700.0	15000000.0	15500000.0	16000000.0	16500000.0	17000000.0	17500000.0	18000000.0	18500000.0	19000000.0	19500000.0	20000000.0
13731700.0	15000000.0	15500000.0	16000000.0	16500000.0	17000000.0	17500000.0	18000000.0	18500000.0	19000000.0	19500000.0	20000000.0
13731700.0	15000000.0	15500000.0	16000000.0	16500000.0	17000000.0	17500000.0	18000000.0	18500000.0	19000000.0	19500000.0	20000000.0
13731700.0	15000000.0	15500000.0	16000000.0	16500000.0	17000000.0	17500000.0	18000000.0	18500000.0	19000000.0	19500000.0	20000000.0
13731700.0	15000000.0	15500000.0	16000000.0	16500000.0	17000000.0	17500000.0	18000000.0	18500000.0	19000000.0	19500000.0	20000000.0
13731700.0	15000000.0	15500000.0	16000000.0	16500000.0	17000000.0	17500000.0	18000000.0	18500000.0	19000000.0	19500000.0	20000000.0
13731700.0	15000000.0	15500000.0	16000000.0	16500000.0	17000000.0	17500000.0	18000000.0	18500000.0	19000000.0	19500000.0	20000000.0
13731700.0	15000000.0	15500000.0	16000000.0	16500000.0	17000000.0	17500000.0	18000000.0	18500000.0	19000000.0	19500000.0	20000000.0
13731700.0	15000000.0	15500000.0	16000000.0	16500000.0	17000000.0	17500000.0	18000000.0	18500000.0	19000000.0	19500000.0	20000000.0
13731700.0	15000000.0	15500000.0	16000000.0	16500000.0	17000000.0	17500000.0	18000000.0	18500000.0	19000000.0	19500000.0	20000000.0
13731700.0	15000000.0	15500000.0	16000000.0	16500000.0	17000000.0	17500000.0	18000000.0	18500000.0	19000000.0	19500000.0	20000000.0
13731700.0	15000000.0	15500000.0	16000000.0	16500000.0	17000000.0	17500000.0	18000000.0	18500000.0	19000000.0	19500000.0	20000000.0
13731700.0	15000000.0	15500000.0	16000000.0	16500000.0	17000000.0	17500000.0	18000000.0	18500000.0	19000000.0	19500000.0	20000000.0
13731700.0	15000000.0	15500000.0	16000000.0	16500000.0	17000000.0	17500000.0	18000000.0	18500000.0	19000000.0	19500000.0	20000000.0
13731700.0	15000000.0	15500000.0	16000000.0	16500000.0	17000000.0	17500000.0	18000000.0	18500000.0	19000000.0	19500000.0	20000000.0
13731700.0	15000000.0	15500000.0	16000000.0	16500000.0	17000000.0	17500000.0	18000000.0	18500000.0	19000000.0	19500000.0	20000000.0
13731700.0	15000000.0	15500000.0	16000000.0	16500000.0	17000000.0	17500000.0	18000000.0	18500000.0	19000000.0	19500000.0	20000000.0
13731700.0	15000000.0	15500000.0	16000000.0	16500000.0	17000000.0	17500000.0	18000000.0	18500000.0	19000000.0	19500000.0	20000000.0
13731700.0	15000000.0	15500000.0	16000000.0	16500000.0	17000000.0	17500000.0	18000000.0	18500000.0	19000000.0	19500000.0	20000000.0
13731700.0	15000000.0	15500000.0	16000000.0	16500000.0	17000000.0	17500000.0	18000000.0	18500000.0	19000000.0	19500000.0	20000000.0
13731700.0	15000000.0	15500000.0	16000000.0	16500000.0	17000000.0	17500000.0	18000000.0	18500000.0	19000000.0	19500000.0	20000000.0
13731700.0	15000000.0	15500000.0	16000000.0	16500000.0	17000000.0	17500000.0	18000000.0	18500000.0	19000000.0	19500000.0	20000000.0
13731700.0	15000000.0	15500000.0	16000000.0	16500000.0	17000000.0	17500000.0	18000000.0	18500000.0	19000000.0	19500000.0	20000000.0
13731700.0	15000000.0	15500000.0	16000000.0	16500000.0	17000000.0	17500000.0	18000000.0	18500000.0	19000000.0	19500000.0	20000000.0
13731700.0	15000000.0	15500000.0	16000000.0	16500000.0	17000000.0	17500000.0	18000000.0	18500000.0	19000000.0	19500000.0	20000000.0
13731700.0	15000000.0	15500000.0	16000000.0	16500000.0	17000000.0	17500000.0	18000000.0	18500000.0	19000000.0	19500000.0	20000000.0
13731700.0	15000000.0	15500000.0	16000000.0	16500000.0	17000000.0	17500000.0	18000000.0	18500000.0	19000000.0	19500000.0	20000000.0
13731700.0	15000000.0	15500000.0	16000000.0	16500000.0	17000000.0	17500000.0	18000000.0	18500000.0	19000000.0	19500000.0	20000000.0
13731700.0	15000000.0	15500000.0	16000000.0	16500000.0	17000000.0	17500000.0	18000000.0	18500000.0	19000000.0	19500000.0	20000000.0
13731700.0	15000000.0	15500000.0	16000000.0	16500000.0	17000000.0	17500000.0	18000000.0	18500000.0	19000000.0	19500000.0	20000000.0
13731700.0	15000000.0	15500000.0	16000000.0	16500000.0	17000000.0	17500000.0	18000000.0	18500000.0	19000000.0	19500000.0	20000000.0
13731700.0	15000000.0	15500000.0	16000000.0	16500000.0	17000000.0	17500000.0	18000000.0	18500000.0	19000000.0	19500000.0	20000000.0
13731700.0	15000000.0	15500000.0	16000000.0	16500000.0	17000000.0	17500000.0	18000000.0	18500000.0	19000000.0	19500000.0	20000000.0
13731700.0	15000000.0	15500000.0	16000000.0	16500000.0	17000000.0	17500000.0	18000000.0	18500000.0	19000000.0	19500000.0	20000000.0
13731700.0	15000000.0	15500000.0	16000000.0	16500000.0	17000000.0	17500000.0	18000000.0	18500000.0	19000000.0	19500000.0	20000000.0
13731700.0	15000000.0	15500000.0	16000000.0	16500000.0	17000000.0	17500000.0	18000000.0	18500000.0	19000000.0	19500000.0	20000000.0
13731700.0	15000000.0	15500000.0	16000000.0	16500000.0	17000000.0	17500000.0	18000000.0	18500000.0	19000000.0	19500000.0	20000000.0
13731700.0	15000000.0	15500000.0	16000000.0	16500000.0	17000000.0	17500000.0	18000000.0	18500000.0	19000000.0	19500000.0	20000000.0
13769400.0	15000000.0	16000000.0	17000000.0	18000000.0	19000000.0	20000000.0
13768140.0	16000000.0	17000000.0	18000000.0	19000000.0	20000000.0
13923200.0	14318400.0	15000000.0	15500000.0	16000000.0	16500000.0	17000000.0	17500000.0	18000000.0	18500000.0	19000000.0	19500000.0	20000000.0
13788000.0	14522800.0	15000000.0	16000000.0	17000000.0	17500000.0	18000000.0	19000000.0	20000000.0
13788000.0	14522800.0	15000000.0	16000000.0	17000000.0	17500000.0	18000000.0	19000000.0	20000000.0
13788000.0	14522800.0	15000000.0	16000000.0	17000000.0	17500000.0	18000000.0	19000000.0	20000000.0