4.9120270060706654e-141	4.9120270060706654e-141	4.9120270060706654e-141	4.9120270060706654e-141	4.9120270060706654e-141	4.9120270060706654e-141	4.9120270060706654e-141	4.9120270060706654e-141	4.9120270060706654e-141	4.9120270060706654e-141	4.9120270060706654e-141	4.9120270060706654e-141	4.9120270060706654e-141	4.9120270060706654e-141	4.9120270060706654e-141	4.9120270060706654e-141	4.9120270060706654e-141	4.9120270060706654e-141	4.9120270060706654e-141	4.9120270060706654e-141
1698.9305616277265	3217.6897131990463	4575.384614085212	5789.096111385601	6874.093630134227	3224.8005151388375	6107.611269727056	8684.700242441917	10988.489196579209	13047.961570796	4595.238582246947	8703.152588899822	12375.42274071497	15658.249023366518	18592.931918834023	5826.077744822632	11034.300548371355	15690.191863160311	19852.326386352557	23573.066974545163
2.1271954294748764e-138	2.1271954294748764e-138	2.1271954294748764e-138	2.1271954294748764e-138	2.1271954294748764e-138	2.1271954294748764e-138	2.1271954294748764e-138	2.1271954294748764e-138	2.1271954294748764e-138	2.1271954294748764e-138	2.1271954294748764e-138	2.1271954294748764e-138	2.1271954294748764e-138	2.1271954294748764e-138	2.1271954294748764e-138	2.1271954294748764e-138	2.1271954294748764e-138	2.1271954294748764e-138	2.1271954294748764e-138	2.1271954294748764e-138
116.635230362384	137.2536209410082	140.8984718898327	141.5427965954147	141.65669818756547	138.79738870741923	163.33353239891954	167.67095079602632	168.43770528638578	168.57324961129538	143.00847708084103	168.28904305859697	172.75805796737322	173.54807565417812	173.68773237007736	143.80863674998	169.23065230975592	173.72467220819283	174.51911019443577	174.65954831626195
8.010961539769912e-08	1.5992139390160007e-07	2.394364428296579e-07	3.186558653829614e-07	3.975807606610504e-07	1.5993378163567166e-07	3.192729507457522e-07	4.780197180205205e-07	6.361762859311929e-07	7.93744848760502e-07	2.3947351583555004e-07	4.780567009941981e-07	7.157528656069758e-07	9.525653074982712e-07	1.1884973122316185e-06	3.187298314947263e-07	6.362746678736736e-07	9.52638914791063e-07	1.2678269615214574e-06	1.5818431810207058e-06
0.0	0.0	0.0	0.0	0.0	0.0	0.0	0.0	0.0	0.0	0.0	0.0	0.0	0.0	0.0	0.0	0.0	0.0	0.0	0.0
1.208507992608528e-10	2.4057232488373505e-10	3.5917512921052033e-10	4.766696659781758e-10	5.930662912401662e-10	2.406191665847008e-10	4.789899005295146e-10	7.151332120033653e-10	9.490699148485466e-10	1.180820628415273e-09	3.593147970575957e-10	7.152720265150459e-10	1.0679030627000509e-09	1.417238986767223e-09	1.7633105894376137e-09	4.769472989290033e-10	9.494378295562991e-10	1.4175132375390508e-09	1.881214779382311e-09	2.340583326075412e-09
1.4460277568001911e-28	1.4460277568001911e-28	1.4460277568001911e-28	1.4460277568001911e-28	1.4460277568001911e-28	1.4460277568001911e-28	1.4460277568001911e-28	1.4460277568001911e-28	1.4460277568001911e-28	1.4460277568001911e-28	1.4460277568001911e-28	1.4460277568001911e-28	1.4460277568001911e-28	1.4460277568001911e-28	1.4460277568001911e-28	1.4460277568001911e-28	1.4460277568001911e-28	1.4460277568001911e-28	1.4460277568001911e-28	1.4460277568001911e-28
3.787883435271439e-18	7.575737022912537e-18	1.1363560763136769e-17	1.5151354656104248e-17	1.8939118702135184e-17	7.575738266520147e-18	1.5151416838005e-17	2.272703571488152e-17	3.030259489746992e-17	3.7878094386410623e-17	1.1363564493962123e-17	2.2727039445709398e-17	3.409042485588225e-17	4.545372072496101e-17	5.681692705390631e-17	1.515136211781337e-17	3.030260484645772e-17	4.545372818678696e-17	6.060473213944151e-17	7.575561670570223e-17
5.96273585715971e-13	1.0981103652217916e-12	1.520467080826388e-12	1.875931651183239e-12	2.1750983415911454e-12	1.1017287242072482e-12	2.02896750870136e-12	2.8093517762430507e-12	3.466140097882168e-12	4.018907391359779e-12	1.530197975818428e-12	2.8180457735185115e-12	3.901926406123504e-12	4.814143849702023e-12	5.581885831002093e-12	1.8934070632247322e-12	3.48693950481587e-12	4.828090962272964e-12	5.956833110781287e-12	6.9068069789340124e-12
1.5650850390308652e-21	2.8822945456316095e-21	3.990886629135105e-21	4.923901765639985e-21	5.7091475362900136e-21	2.8917919301370485e-21	5.325586724985072e-21	7.373921199432758e-21	9.097843909799504e-21	1.0548734644878095e-20	4.016428055978848e-21	7.396741001267278e-21	1.0241685675696357e-20	1.2636052804291236e-20	1.4651204099859466e-20	4.969770820705035e-21	9.152437709344662e-21	1.2672660860970876e-20	1.5635356998906828e-20	1.8128826312545565e-20
1.831546174500555e-06	3.373015150732191e-06	4.670348866783632e-06	5.762213053968496e-06	6.681149630199123e-06	3.3841294977643927e-06	6.232286265516458e-06	8.629356761503914e-06	1.0646783269690331e-05	1.2344693165434396e-05	4.7002388097965125e-06	8.656061713446183e-06	1.1985368048354891e-05	1.4787384453446442e-05	1.714562221969797e-05	5.8158914741419905e-06	1.0710671852236812e-05	1.4830225158261436e-05	1.8297330550185864e-05	2.1215321629736068e-05
1.1856983941802534e-221	1.1856983941802534e-221	1.1856983941802534e-221	1.1856983941802534e-221	1.1856983941802534e-221	1.1856983941802534e-221	1.1856983941802534e-221	1.1856983941802534e-221	1.1856983941802534e-221	1.1856983941802534e-221	1.1856983941802534e-221	1.1856983941802534e-221	1.1856983941802534e-221	1.1856983941802534e-221	1.1856983941802534e-221	1.1856983941802534e-221	1.1856983941802534e-221	1.1856983941802534e-221	1.1856983941802534e-221	1.1856983941802534e-221
996.7483383360338	1936.5391428928026	2822.6271576507493	3658.081139633455	4445.79448682439	1938.8460632998683	3766.899977873858	5490.492777655835	7115.593720125908	8647.830959426954	2829.2896078195404	5496.904144599857	8012.082264638942	10383.534694628579	12619.474401203444	3670.911113706518	7132.054088638241	10395.41577783575	13472.298065465653	16373.35700823293
-2.8787357526719794e-06	-2.8787384980483306e-06	-2.8787384980509488e-06	-2.8787384980509488e-06	-2.8787384980509488e-06	-2.878740644376523e-06	-2.8787433897575395e-06	-2.8787433897601577e-06	-2.8787433897601577e-06	-2.8787433897601577e-06	-2.878740644384835e-06	-2.8787433897658514e-06	-2.8787433897684696e-06	-2.8787433897684696e-06	-2.8787433897684696e-06	-2.878740644384835e-06	-2.8787433897658514e-06	-2.8787433897684696e-06	-2.8787433897684696e-06	-2.8787433897684696e-06
246.92495891575072	248.40261801670965	248.41146068870296	248.41151360540613	248.41151392207254	248.75389642572844	250.2425003342458	250.25140850263347	250.25146181128304	250.25146213029495	248.7674431017311	250.2561280768574	250.26503673036746	250.26509004192008	250.2650903609494	248.76754344000383	250.2562290155788	250.26513767268207	250.2651909842562	250.26519130328563
7.774736374140993e-09	1.4227215862217642e-08	1.958231596342847e-08	2.4026669044593586e-08	2.77151667265689e-08	1.4277529319834783e-08	2.6126865508655153e-08	3.59609737055566e-08	4.412258567160142e-08	5.0896144447909614e-08	1.9716468218806394e-08	3.607973774165495e-08	4.9660090292929184e-08	6.093081923615049e-08	7.028472447770825e-08	2.4265599122064824e-08	4.440432448409529e-08	6.111803747206371e-08	7.498923323159602e-08	8.650134139916938e-08
4.93124805853385e-17	9.862496001750397e-17	1.4793743944966944e-16	1.9724991830524842e-16	2.465623965842409e-16	9.862496072195636e-17	1.9724991913756666e-16	2.9587487755317704e-16	3.9449983481561435e-16	4.931247909248786e-16	1.4793744040985363e-16	2.958748773601882e-16	4.4381231431052273e-16	5.917497495310979e-16	7.396871830219134e-16	1.972499196490302e-16	3.944998346853684e-16	5.917497497217066e-16	7.889996624516987e-16	9.86249572875345e-16
1.2790260301409413e-06	1.2790260301409413e-06	1.2790260301409413e-06	1.2790260301409413e-06	1.2790260301409413e-06	1.2790260301409413e-06	1.2790260301409413e-06	1.2790260301409413e-06	1.2790260301409413e-06	1.2790260301409413e-06	1.2790260301409413e-06	1.2790260301409413e-06	1.2790260301409413e-06	1.2790260301409413e-06	1.2790260301409413e-06	1.2790260301409413e-06	1.2790260301409413e-06	1.2790260301409413e-06	1.2790260301409413e-06	1.2790260301409413e-06
-2.091972588758897e-15	-2.2107994507384157e-15	-2.21754897661833e-15	-2.2179323587833115e-15	-2.2179541354068906e-15	-2.2258836191172677e-15	-2.3523168080665726e-15	-2.3594983835679142e-15	-2.3599063067335806e-15	-2.359929477319068e-15	-2.2344555115732202e-15	-2.3613755955646683e-15	-2.3685848273604957e-15	-2.368994321440956e-15	-2.36901758125652e-15	-2.23500421424603e-15	-2.3619554652886717e-15	-2.369166467415005e-15	-2.3695760620526232e-15	-2.3695993275799698e-15
-1.8362776243439401e-22	-1.94058066779512e-22	-1.9465052212117446e-22	-1.9468417438291589e-22	-1.946860858767293e-22	-1.9538211476296835e-22	-2.0648008215936693e-22	-2.071104616620197e-22	-2.0714626806720826e-22	-2.0714830191927219e-22	-1.961345325718693e-22	-2.072752383136982e-22	-2.0790804541196144e-22	-2.0794398970785188e-22	-2.0794603139229346e-22	-1.9618269622592064e-22	-2.073261377282003e-22	-2.079591002213436e-22	-2.079950533438726e-22	-2.0799709552967917e-22
6.5114169859576e-06	6.5114169859576e-06	6.5114169859576e-06	6.5114169859576e-06	6.5114169859576e-06	6.5114169859576e-06	6.5114169859576e-06	6.5114169859576e-06	6.5114169859576e-06	6.5114169859576e-06	6.5114169859576e-06	6.5114169859576e-06	6.5114169859576e-06	6.5114169859576e-06	6.5114169859576e-06	6.5114169859576e-06	6.5114169859576e-06	6.5114169859576e-06	6.5114169859576e-06	6.5114169859576e-06
-6.989769058887229e-11	-7.386797360162371e-11	-7.409349102671374e-11	-7.410630072034412e-11	-7.410702832820342e-11	-7.437197090053715e-11	-7.859639906409443e-11	-7.883635227621142e-11	-7.88499819419972e-11	-7.885075612537984e-11	-7.46583778495893e-11	-7.889907431378679e-11	-7.913995158730173e-11	-7.915363374102009e-11	-7.915441090578802e-11	-7.467671128753942e-11	-7.891844911571683e-11	-7.915938554010907e-11	-7.917307105367696e-11	-7.917384840928887e-11
0.0006643142369000639	0.001286307550473898	0.0018686760451427226	0.002413944066810246	0.002924475144941954	0.0012880158628232649	0.00249397715335876	0.0036231112550787464	0.004680312534815405	0.00567016355797935	0.0018735877150757166	0.0036278163111828393	0.005270289702013977	0.0068081273849561795	0.008247995301404016	0.002423360843601422	0.004692338621543404	0.0068167684894220905	0.008805859042626462	0.01066823223209661
200.37891311857538	398.88541309984436	595.5369964503126	790.3509961827885	983.3445833441348	398.9630798524482	794.1981041905218	1185.7399093151753	1573.6230060043422	1957.8815825547545	595.76857531918	1185.9700732954377	1770.656514715747	2349.8794342660035	2923.689885073337	790.8113306553201	1574.2330338213765	2350.3341608538035	3119.1831178673497	3880.847671765259
1.0115317713132052e-16	1.0115317713132052e-16	1.0115317713132052e-16	1.0115317713132052e-16	1.0115317713132052e-16	1.0115317713132052e-16	1.0115317713132052e-16	1.0115317713132052e-16	1.0115317713132052e-16	1.0115317713132052e-16	1.0115317713132052e-16	1.0115317713132052e-16	1.0115317713132052e-16	1.0115317713132052e-16	1.0115317713132052e-16	1.0115317713132052e-16	1.0115317713132052e-16	1.0115317713132052e-16	1.0115317713132052e-16	1.0115317713132052e-16
9.627779193992724e-225	9.627779193992724e-225	9.627779193992724e-225	9.627779193992724e-225	9.627779193992724e-225	9.627779193992724e-225	9.627779193992724e-225	9.627779193992724e-225	9.627779193992724e-225	9.627779193992724e-225	9.627779193992724e-225	9.627779193992724e-225	9.627779193992724e-225	9.627779193992724e-225	9.627779193992724e-225	9.627779193992724e-225	9.627779193992724e-225	9.627779193992724e-225	9.627779193992724e-225	9.627779193992724e-225
1.8130484894685046e-11	3.5463017147508356e-11	5.203271597466044e-11	6.787315493751325e-11	8.301642996944643e-11	3.549555304691846e-11	6.942888806753169e-11	1.0186876086227727e-10	1.32880901175041e-10	1.6252814587491296e-10	5.2127518142353344e-11	1.019608179525991e-10	1.4960087177591992e-10	1.9514420799750172e-10	2.386831066285665e-10	6.805732967610114e-11	1.3311934365443957e-10	1.9531787073541012e-10	2.547789377157568e-10	3.1162302474435424e-10
1.5967526118998052e-13	2.0452214791495263e-13	2.1711798294871852e-13	2.206556880556708e-13	2.2164929883178896e-13	2.0695898682298317e-13	2.6508612667918353e-13	2.8141189459933773e-13	2.8599720016988706e-13	2.8728504324582316e-13	2.2096084718053086e-13	2.8302059275607745e-13	3.0045088445728034e-13	3.053464099862914e-13	3.067213823973123e-13	2.2510713833774516e-13	2.883314240459996e-13	3.0608879208344283e-13	3.1107618128183185e-13	3.1247695480658837e-13
3.636526543117412e-20	3.636526543117412e-20	3.636526543117412e-20	3.636526543117412e-20	3.636526543117412e-20	3.636526543117412e-20	3.636526543117412e-20	3.636526543117412e-20	3.636526543117412e-20	3.636526543117412e-20	3.636526543117412e-20	3.636526543117412e-20	3.636526543117412e-20	3.636526543117412e-20	3.636526543117412e-20	3.636526543117412e-20	3.636526543117412e-20	3.636526543117412e-20	3.636526543117412e-20	3.636526543117412e-20
1.4432856581233658e-21	2.8230499261377276e-21	4.1420884855346016e-21	5.403073975236872e-21	6.608561406905835e-21	2.8256399614989164e-21	5.526918832529198e-21	8.109309950470447e-21	1.0578045762067112e-20	1.2938128425423948e-20	4.149635256058664e-21	8.116638197837344e-21	1.1909046775700623e-20	1.553454517651663e-20	1.90004793933739e-20	5.4177352907139024e-21	1.0597027086218252e-20	1.5548369679304594e-20	2.028179549157314e-20	2.480689540114819e-20
3.0143109164051375e-24	3.860919584613476e-24	4.098700708380326e-24	4.165484648756793e-24	4.184241792391882e-24	3.90692163945438e-24	5.004231710546015e-24	5.312425604162802e-24	5.398985892421328e-24	5.423297482165918e-24	4.1712453688235786e-24	5.342794218429805e-24	5.671839044531888e-24	5.7642555900484836e-24	5.790211986282994e-24	4.249518049291687e-24	5.443050805537257e-24	5.778270099515449e-24	5.872420825138364e-24	5.898864288550402e-24
5.671375374693768e-06	1.1093144134367927e-05	1.6276291879189175e-05	2.1231320714882305e-05	2.5968270532120644e-05	1.110332165029096e-05	2.1717967741392242e-05	3.18654456933058e-05	4.1566316348889645e-05	5.0840235634284194e-05	1.6305946832294084e-05	3.189424196202945e-05	4.679647042817886e-05	6.104282715988417e-05	7.466217815749016e-05	2.128893219538795e-05	4.164090325673005e-05	6.109715039398389e-05	7.969709589925897e-05	9.747842702435447e-05
3.368899450086513e-08	4.315098948367535e-08	4.58085146007407e-08	4.655491530806127e-08	4.676455171462282e-08	4.366512455983132e-08	5.592904622416883e-08	5.93735291176716e-08	6.034095721517276e-08	6.061267205678225e-08	4.6619299133098954e-08	5.971293938668928e-08	6.339045960424911e-08	6.442333928389763e-08	6.471343705889742e-08	4.749410202337374e-08	6.083344211696716e-08	6.457997034998816e-08	6.563223183386507e-08	6.592777324222596e-08
6.5495380130056e-07	1.3099062739300241e-06	1.964860075230584e-06	2.6198138765311437e-06	3.274766349160608e-06	1.3099076025667694e-06	2.6198125477913475e-06	3.9297201503581165e-06	5.239627752924887e-06	6.5495326981494644e-06	1.9648614037986287e-06	3.929718821583971e-06	5.8945802253826e-06	7.859441629181228e-06	9.82429904696657e-06	2.6198152049961383e-06	5.239625095307894e-06	7.859440300304033e-06	1.0479255505300171e-05	1.3099065395611928e-05
140.28051049731474	271.30099769294765	393.6727227752395	507.9665971161005	614.7158457931123	271.6743384564216	525.4152469897775	762.4065249630573	983.7538282420057	1190.4898275068667	394.74444965392706	763.4315176441704	1107.7812715733564	1429.4002360720774	1729.7888878569158	510.0181463368511	986.3696065273739	1431.2767441565022	1846.815222896917	2234.9236902819375
0.0	0.0	0.0	0.0	0.0	0.0	0.0	0.0	0.0	0.0	0.0	0.0	0.0	0.0	0.0	0.0	0.0	0.0	0.0	0.0
3.461961922680992e-71	3.461961922680992e-71	3.461961922680992e-71	3.461961922680992e-71	3.461961922680992e-71	3.461961922680992e-71	3.461961922680992e-71	3.461961922680992e-71	3.461961922680992e-71	3.461961922680992e-71	3.461961922680992e-71	3.461961922680992e-71	3.461961922680992e-71	3.461961922680992e-71	3.461961922680992e-71	3.461961922680992e-71	3.461961922680992e-71	3.461961922680992e-71	3.461961922680992e-71	3.461961922680992e-71
1.3123025113645325e-11	2.6091503648229153e-11	3.890725566009464e-11	5.157207977123742e-11	6.408775342173231e-11	2.609790660160206e-11	5.188846469544655e-11	7.737529384790951e-11	1.0256197099864068e-10	1.2745203096256734e-10	3.8926316832370765e-11	7.739420818358845e-11	1.1540907281569556e-10	1.5297624591086673e-10	1.901009998201722e-10	5.1609909295364983e-11	1.0261202161875137e-10	1.5301349484282718e-10	2.0282140254378745e-10	2.520427349940919e-10
4.826250862697523e-08	4.826250871888647e-08	4.826250871888647e-08	4.826250871888647e-08	4.826250871888647e-08	4.826250883915892e-08	4.826250893107016e-08	4.826250893107016e-08	4.826250893107016e-08	4.826250893107016e-08	4.826250883915892e-08	4.826250893107016e-08	4.826250893107016e-08	4.826250893107016e-08	4.826250893107016e-08	4.826250883915892e-08	4.826250893107016e-08	4.826250893107016e-08	4.826250893107016e-08	4.826250893107016e-08
14.099659118840496	27.578768908273542	40.46464077114817	52.78338409028011	64.55995913134248	27.604071325361218	53.99324179351101	79.2209812015477	103.33840605231951	126.39438312679846	40.538366226146266	79.29257187331127	116.34114080093818	151.75914090347757	185.6183362131256	52.926612528321044	103.52383725829662	151.89419440151565	198.13569208540838	242.34202493753637
0.1107227858479092	0.14182072924746014	0.15055499362019797	0.1530081260718436	0.1536971204242587	0.14351049377672367	0.1838172940304714	0.19513798636411467	0.1983175509563473	0.1992105732820345	0.15321973097657096	0.1962534975596198	0.20834009407379528	0.21173477287827674	0.21268821284560588	0.15609487208761072	0.19993615967775966	0.21224955903455187	0.21570793838547947	0.21667926948490698
0.0	0.0	0.0	0.0	0.0	0.0	0.0	0.0	0.0	0.0	0.0	0.0	0.0	0.0	0.0	0.0	0.0	0.0	0.0	0.0
1.3704782089453926e-29	1.3704782089453926e-29	1.3704782089453926e-29	1.3704782089453926e-29	1.3704782089453926e-29	1.3704782089453926e-29	1.3704782089453926e-29	1.3704782089453926e-29	1.3704782089453926e-29	1.3704782089453926e-29	1.3704782089453926e-29	1.3704782089453926e-29	1.3704782089453926e-29	1.3704782089453926e-29	1.3704782089453926e-29	1.3704782089453926e-29	1.3704782089453926e-29	1.3704782089453926e-29	1.3704782089453926e-29	1.3704782089453926e-29
3.424500354418378e-25	3.443418224908886e-25	3.443522732365993e-25	3.443523309693583e-25	3.443523312882896e-25	3.4479936596748086e-25	3.4670413135673437e-25	3.4671465379832276e-25	3.467147119271492e-25	3.467147122482687e-25	3.448154832206493e-25	3.467203376459887e-25	3.4673086057943653e-25	3.4673091871098036e-25	3.4673091903211476e-25	3.448155937908083e-25	3.467204488269672e-25	3.4673097176378946e-25	3.4673102989535175e-25	3.4673103021648625e-25
2.023606546985852e-12	2.023606546985852e-12	2.023606546985852e-12	2.023606546985852e-12	2.023606546985852e-12	2.023606546985852e-12	2.023606546985852e-12	2.023606546985852e-12	2.023606546985852e-12	2.023606546985852e-12	2.023606546985852e-12	2.023606546985852e-12	2.023606546985852e-12	2.023606546985852e-12	2.023606546985852e-12	2.023606546985852e-12	2.023606546985852e-12	2.023606546985852e-12	2.023606546985852e-12	2.023606546985852e-12
2.8974129421666927e-05	2.9134190385675035e-05	2.913507460593328e-05	2.913507949060624e-05	2.9135079517590505e-05	2.9172902380228406e-05	2.933406142007179e-05	2.933495170639932e-05	2.9334956624582907e-05	2.933495665175228e-05	2.9174266034282713e-05	2.9335432607321625e-05	2.9336322935264553e-05	2.9336327853678052e-05	2.933632788084872e-05	2.9174275389440448e-05	2.933544201415978e-05	2.9336332342388234e-05	2.9336337260803288e-05	2.933633728797394e-05
54.085602655646156	98.97281489560835	136.2260158168164	167.14352905993934	192.8028711164898	99.32282466390909	181.75372109575315	250.16551576178273	306.94245077057127	354.06327788421675	137.1592571809689	250.99170769384114	345.46456396389846	423.8703307870737	488.9415535048159	168.8056660907939	308.9023903404708	425.17273007499955	521.6688614041649	601.7538029529369
6.2214379394552e-07	1.2442875733421988e-06	1.8664313527388777e-06	2.4885751248611362e-06	3.110718889708974e-06	1.2442875822298207e-06	2.4885751353619595e-06	3.7328626884940985e-06	4.9771502270773955e-06	6.221437751111854e-06	1.8664313648529023e-06	3.732862686059282e-06	5.599294007265662e-06	7.46572530664878e-06	9.332156584208637e-06	2.4885751418147653e-06	4.977150225434167e-06	7.465725309053567e-06	9.95430036357529e-06	1.2442875388999328e-05
3.719810572854766e-09	7.417156906970293e-09	1.1092174665712062e-08	1.4744998693163908e-08	1.8375763019074963e-08	7.418090202663732e-09	1.4791381954966065e-08	2.2120145798393624e-08	2.940465064061188e-08	3.664516376533042e-08	1.109496351445803e-08	2.2122923641428872e-08	3.308428501982108e-08	4.397944984489729e-08	5.4808817883029316e-08	1.4750554411916342e-08	2.9412029025451677e-08	4.398496180075616e-08	5.846988744919657e-08	7.286733745297306e-08
0.0	0.0	0.0	0.0	0.0	0.0	0.0	0.0	0.0	0.0	0.0	0.0	0.0	0.0	0.0	0.0	0.0	0.0	0.0	0.0
1.0189847954249644e-10	1.0189847954249644e-10	1.0189847954249644e-10	1.0189847954249644e-10	1.0189847954249644e-10	1.0189847954249644e-10	1.0189847954249644e-10	1.0189847954249644e-10	1.0189847954249644e-10	1.0189847954249644e-10	1.0189847954249644e-10	1.0189847954249644e-10	1.0189847954249644e-10	1.0189847954249644e-10	1.0189847954249644e-10	1.0189847954249644e-10	1.0189847954249644e-10	1.0189847954249644e-10	1.0189847954249644e-10	1.0189847954249644e-10
2.7022425402749676e-14	5.3796590550133165e-14	8.032477625719472e-14	1.0660924238468925e-13	1.3265222803159296e-13	5.380688904438576e-14	1.0711944377882242e-13	1.5994220574834852e-13	2.1227967477394914e-13	2.641363093358819e-13	8.035548643628107e-14	1.5997273145694458e-13	2.3885851742884404e-13	3.170195644079157e-13	3.944625307116395e-13	1.0667029463655823e-13	2.123605886184097e-13	3.170798854013567e-13	4.2083710572470997e-13	5.236410883712195e-13
2.967361560962193e-23	2.967361560962193e-23	2.967361560962193e-23	2.967361560962193e-23	2.967361560962193e-23	2.967361560962193e-23	2.967361560962193e-23	2.967361560962193e-23	2.967361560962193e-23	2.967361560962193e-23	2.967361560962193e-23	2.967361560962193e-23	2.967361560962193e-23	2.967361560962193e-23	2.967361560962193e-23	2.967361560962193e-23	2.967361560962193e-23	2.967361560962193e-23	2.967361560962193e-23	2.967361560962193e-23
7.861983028661031e-22	1.5651736496677909e-21	2.3369923991012284e-21	3.1017203002123932e-21	3.8594224979980346e-21	1.5654732770544074e-21	3.116564247941326e-21	4.653405045692801e-21	6.1761265894091346e-21	7.684858595411479e-21	2.3378858899821744e-21	4.6542931695356585e-21	6.94941916681402e-21	9.223459397078881e-21	1.1476607579355259e-20	3.1034965721824383e-21	6.1784807203298486e-21	9.225214393603572e-21	1.2243957134587292e-20	1.523496610139668e-20
1.1407322556168874e-31	1.1407322556168874e-31	1.1407322556168874e-31	1.1407322556168874e-31	1.1407322556168874e-31	1.1407322556168874e-31	1.1407322556168874e-31	1.1407322556168874e-31	1.1407322556168874e-31	1.1407322556168874e-31	1.1407322556168874e-31	1.1407322556168874e-31	1.1407322556168874e-31	1.1407322556168874e-31	1.1407322556168874e-31	1.1407322556168874e-31	1.1407322556168874e-31	1.1407322556168874e-31	1.1407322556168874e-31	1.1407322556168874e-31
1.90700093656616e-09	3.7964818862162935e-09	5.668603808463128e-09	7.523526184053187e-09	9.361407028552467e-09	3.7972086617700145e-09	7.559531632192952e-09	1.1287289412871198e-08	1.4980799560896875e-08	1.8640376715903556e-08	5.670771058049608e-09	1.1289443644181467e-08	1.6856496397146503e-08	2.2372403558348782e-08	2.7837635012244672e-08	7.527834705577748e-09	1.4986509735867023e-08	2.2376660474198197e-08	2.9698916466511985e-08	3.6953901474988534e-08
2.015871170967358e-18	2.015871170967358e-18	2.015871170967358e-18	2.015871170967358e-18	2.015871170967358e-18	2.015871170967358e-18	2.015871170967358e-18	2.015871170967358e-18	2.015871170967358e-18	2.015871170967358e-18	2.015871170967358e-18	2.015871170967358e-18	2.015871170967358e-18	2.015871170967358e-18	2.015871170967358e-18	2.015871170967358e-18	2.015871170967358e-18	2.015871170967358e-18	2.015871170967358e-18	2.015871170967358e-18
362.35989240541943	643.3051659638402	861.1279669666236	1030.0105825584183	1160.9488393332967	646.2999481072641	1147.389940480473	1535.8955889675576	1837.1122191211973	2070.651830795931	868.7913355971472	1542.3835972137797	2064.633896358337	2469.545577353583	2783.482150822186	1043.1324210238336	1851.8950062999945	2478.9457106588748	2965.1113580258434	3342.0458467948247
5.028307094294187e-05	5.028307094294187e-05	5.028307094294187e-05	5.028307094294187e-05	5.028307094294187e-05	5.028307094294187e-05	5.028307094294187e-05	5.028307094294187e-05	5.028307094294187e-05	5.028307094294187e-05	5.028307094294187e-05	5.028307094294187e-05	5.028307094294187e-05	5.028307094294187e-05	5.028307094294187e-05	5.028307094294187e-05	5.028307094294187e-05	5.028307094294187e-05	5.028307094294187e-05	5.028307094294187e-05
1.5569481845712e-13	1.5569481845712e-13	1.5569481845712e-13	1.5569481845712e-13	1.5569481845712e-13	1.5569481845712e-13	1.5569481845712e-13	1.5569481845712e-13	1.5569481845712e-13	1.5569481845712e-13	1.5569481845712e-13	1.5569481845712e-13	1.5569481845712e-13	1.5569481845712e-13	1.5569481845712e-13	1.5569481845712e-13	1.5569481845712e-13	1.5569481845712e-13	1.5569481845712e-13	1.5569481845712e-13
3.2569553980737164e-08	3.2569553980737164e-08	3.2569553980737164e-08	3.2569553980737164e-08	3.2569553980737164e-08	3.2569553980737164e-08	3.2569553980737164e-08	3.2569553980737164e-08	3.2569553980737164e-08	3.2569553980737164e-08	3.2569553980737164e-08	3.2569553980737164e-08	3.2569553980737164e-08	3.2569553980737164e-08	3.2569553980737164e-08	3.2569553980737164e-08	3.2569553980737164e-08	3.2569553980737164e-08	3.2569553980737164e-08	3.2569553980737164e-08
0.0	0.0	0.0	0.0	0.0	0.0	0.0	0.0	0.0	0.0	0.0	0.0	0.0	0.0	0.0	0.0	0.0	0.0	0.0	0.0
9.232219659293592e-05	0.00018415041858337443	0.0002754873090075233	0.00036633549675988054	0.000456697596668917	0.0001841709479912239	0.0003673564799700163	0.0005495618684548171	0.0007307923577531683	0.0009110531641126904	0.00027554868210885017	0.0005496230269972209	0.0008222309231813156	0.0010933802169694022	0.0013630787126876942	0.00036645781440901147	0.0007309548776673231	0.001093501680873585	0.0014541086589932514	0.001812786191158988
0.1439579038965781	0.1439579038987527	0.1439579038987527	0.1439579038987527	0.1439579038987527	0.14395790390271934	0.14395790390489396	0.14395790390489396	0.14395790390489396	0.14395790390489396	0.14395790390271934	0.14395790390489396	0.14395790390489396	0.14395790390489396	0.14395790390489396	0.14395790390271934	0.14395790390489396	0.14395790390489396	0.14395790390489396	0.14395790390489396
-4.890501362636746e-11	-9.780833869549524e-11	-1.4670997526556726e-10	-1.9560992339508193e-10	-2.445081831420659e-10	-9.780840905085849e-11	-1.9561344104310973e-10	-2.9341509609311967e-10	-3.912133743178831e-10	-4.890082758334516e-10	-1.4671018632701722e-10	-2.9341530714992986e-10	-4.4011536264328396e-10	-5.868103529825689e-10	-7.33500278341859e-10	-1.95610345508386e-10	-3.912139371230386e-10	-5.868107750766818e-10	-7.824008596032978e-10	-9.779841909349817e-10
0.0	0.0	0.0	0.0	0.0	0.0	0.0	0.0	0.0	0.0	0.0	0.0	0.0	0.0	0.0	0.0	0.0	0.0	0.0	0.0
0.0	0.0	0.0	0.0	0.0	0.0	0.0	0.0	0.0	0.0	0.0	0.0	0.0	0.0	0.0	0.0	0.0	0.0	0.0	0.0
1.4895603416823318e-27	1.4895603416823318e-27	1.4895603416823318e-27	1.4895603416823318e-27	1.4895603416823318e-27	1.4895603416823318e-27	1.4895603416823318e-27	1.4895603416823318e-27	1.4895603416823318e-27	1.4895603416823318e-27	1.4895603416823318e-27	1.4895603416823318e-27	1.4895603416823318e-27	1.4895603416823318e-27	1.4895603416823318e-27	1.4895603416823318e-27	1.4895603416823318e-27	1.4895603416823318e-27	1.4895603416823318e-27	1.4895603416823318e-27
57.11525510272487	64.53691257921075	65.50129590550796	65.62660958415543	65.64289306565907	65.19556544013409	73.66719276303142	74.76801103208935	74.91105330901014	74.92964047599476	66.33871738844303	74.9588879015733	76.07900813604117	76.22455854455725	76.24347162260665	66.50044340172157	75.14162887965296	76.26447983589304	76.41038507923601	76.4293442651517
0.005933243728906352	0.006221452207765414	0.006235451991202855	0.006236132033431562	0.006236165066616318	0.006260162215479093	0.0065642508239992705	0.006579021987852355	0.006579739500036177	0.006579774353331358	0.006278175245407783	0.006583138840392799	0.0065979525068851795	0.006598672083643048	0.006598707037225319	0.006279167753511603	0.006584179559772598	0.006598995568137172	0.0065997152586519435	0.006599750217759976
9.218172644665312e-71	9.218172644665312e-71	9.218172644665312e-71	9.218172644665312e-71	9.218172644665312e-71	9.218172644665312e-71	9.218172644665312e-71	9.218172644665312e-71	9.218172644665312e-71	9.218172644665312e-71	9.218172644665312e-71	9.218172644665312e-71	9.218172644665312e-71	9.218172644665312e-71	9.218172644665312e-71	9.218172644665312e-71	9.218172644665312e-71	9.218172644665312e-71	9.218172644665312e-71	9.218172644665312e-71
3.7007029669269773e-13	7.300409222775633e-13	1.080187509134172e-12	1.4207781672972702e-12	1.7520736897507782e-12	7.304561859435212e-13	1.44097732899751e-12	2.1321074808691858e-12	2.8043758454291213e-12	3.4582971839268915e-12	1.0814111000012577e-12	2.1333091681813182e-12	3.1564996512822082e-12	4.151766014419036e-12	5.119870340985511e-12	1.4231818390202572e-12	2.8075233046595625e-12	4.1540843982213506e-12	5.4638961922767536e-12	6.737961620165131e-12
1.9040507148548938e-83	1.9040507148548938e-83	1.9040507148548938e-83	1.9040507148548938e-83	1.9040507148548938e-83	1.9040507148548938e-83	1.9040507148548938e-83	1.9040507148548938e-83	1.9040507148548938e-83	1.9040507148548938e-83	1.9040507148548938e-83	1.9040507148548938e-83	1.9040507148548938e-83	1.9040507148548938e-83	1.9040507148548938e-83	1.9040507148548938e-83	1.9040507148548938e-83	1.9040507148548938e-83	1.9040507148548938e-83	1.9040507148548938e-83
1.8353613320269694e-20	3.6206334080850996e-20	5.357183225244535e-20	7.046340473553084e-20	8.689398554190549e-20	3.622692905650578e-20	7.146518090225641e-20	1.0574173774779342e-19	1.390828454261245e-19	1.7151403348936818e-19	5.363251616530569e-20	1.058013353552098e-19	1.5654640365072813e-19	2.0590657695545828e-19	2.539196507478564e-19	7.058261468495622e-20	1.3923894347066655e-19	2.0602155705576878e-19	2.7098159142022347e-19	3.3416878698054374e-19
0.14997534124877027	0.15726042289088982	0.1576142971617562	0.15763148667393093	0.15763232165785923	0.15823890058064274	0.16592538623948883	0.16629875878926548	0.1663168954341659	0.16631777642525225	0.15869421818327523	0.16640282098405043	0.166777267878338	0.16679545670973392	0.16679634023578957	0.15871930593432063	0.16642912737752777	0.16680363346761068	0.16682182517445399	0.16682270884018505
2.583837688227292e-64	2.583837688227292e-64	2.583837688227292e-64	2.583837688227292e-64	2.583837688227292e-64	2.583837688227292e-64	2.583837688227292e-64	2.583837688227292e-64	2.583837688227292e-64	2.583837688227292e-64	2.583837688227292e-64	2.583837688227292e-64	2.583837688227292e-64	2.583837688227292e-64	2.583837688227292e-64	2.583837688227292e-64	2.583837688227292e-64	2.583837688227292e-64	2.583837688227292e-64	2.583837688227292e-64
4.297393298185889e-05	8.477505476215519e-05	0.00012543537279329278	0.00016498602100514372	0.00020345728364454786	8.482327671649779e-05	0.00016733162244614947	0.0002475882144874675	0.00032565450595320087	0.00040159027282547663	0.00012557746069494086	0.0002477277588672198	0.00036654442597456693	0.00048211844088681124	0.0005945382995491296	0.00016526514426485188	0.0003260200005720365	0.0004823876601974051	0.0006344878551053092	0.0007824370496283262