Au-197	MF=10 MT=  4 (n,n') reaction  	4.112450E+5 	409.15,77.351,0.3	409.15,130.2,3.12	409.15,201.6,1.13	409.15,279.01,71	409.15,409.1,0.11
Au-197	MF=10 MT= 16 (n,2n) reaction  	8.113730E+6 	0.0,326.349,0.05	0.0,332.983,22.9	0.0,355.684,87	0.0,393.346,0.0101	0.0,426,7	0.0,431.982,0.0067	0.0,521.175,0.389	0.0,570.203,0.0069	0.0,659.389,0.0037	0.0,672.9,0.0027	0.0,688.76,0.0061	0.0,758.358,0.0444	0.0,1005.894,0.0027	0.0,1091.331,0.149	0.0,1361,0.00044	0.0,1446.84,0.00078
Au-197	MF=10 MT= 16 (n,2n) reaction  	8.198820E+6 	84.66,84.66,0.3
Au-197	MF=10 MT= 16 (n,2n) reaction  	8.712440E+6 	595.66,19.92,~0.0017	595.66,30.71,0.21	595.66,50.57,<0.009	595.66,84.66,0.293	595.66,137.69,1.3	595.66,147.81,43	595.66,168.37,7.6	595.66,174.91,0.408	595.66,188.27,37.4	595.66,264,1.3	595.66,285.49,4.3	595.66,316.19,2.89
Au-197	MF=10 MT= 17 (n,3n) reaction  	1.478900E+7 	0.0,30.898,0.75	0.0,98.85,10.9	0.0,129.7,0.818	0.0,199.533,0.0086	0.0,211.407,0.0109
Au-197	MF=10 MT= 17 (n,3n) reaction  	1.510930E+7 	318.6,56.8,0.0296	318.6,61.46,0.167	318.6,200.38,1.64	318.6,261.75,68	318.6,318.6,0.0422
Au-197	MF=10 MT= 24 (n,2na) reaction 	6.838960E+6 	0.0,110.093,0.0126	0.0,136.34348,0.183	0.0,176.98,0.0043	0.0,201.3112,0.472	0.0,205.79549,3.3	0.0,214.7,<0.0026	0.0,214.7,<0.0026	0.0,280.04,0.023	0.0,283.2668,0.262	0.0,295.95827,28.67	0.0,308.45692,30	0.0,314.8,<0.07	0.0,314.8,<0.07	0.0,316.50791,82.81	0.0,329.312,0.0185	0.0,374.4852,0.721	0.0,415.4,<0.009	0.0,415.4,<0.009	0.0,416.4714,0.664	0.0,420.532,0.0737	0.0,468.07152,47.83	0.0,484.578,3.184	0.0,485.3,0.0022	0.0,489.039,0.443	0.0,588.5845,4.515	0.0,593.37,0.0426	0.0,599.35,0.0039	0.0,604.41464,8.23	0.0,612.46564,5.309	0.0,703.98,0.0053	0.0,739,<0.00050	0.0,739,<0.00051	0.0,765.8,0.00149	0.0,884.5418,0.2923	0.0,1061.48,0.0528	0.0,1089.7,0.00108	0.0,1378.3,0.00124
Au-197	MF=10 MT= 24 (n,2na) reaction 	6.895990E+6 	56.74,56.68,0.034
Au-197	MF=10 MT= 24 (n,2na) reaction 	6.994920E+6 	155.16,155.16,0.097
Au-197	MF=10 MT= 32 (n,nd) reaction  	1.179940E+7 	259.3,28.871,0.0013	259.3,30.898,2.28	259.3,98.85,11.4	259.3,129.5,0.084	259.3,129.7,2.83	259.3,140.385,0.03	259.3,211.407,0.0389	259.3,239.261,0.054
Au-197	MF=10 MT= 41 (n,2np) reaction 	1.403530E+7 	259.3,28.871,0.0013	259.3,30.898,2.28	259.3,98.85,11.4	259.3,129.5,0.084	259.3,129.7,2.83	259.3,140.385,0.03	259.3,211.407,0.0389	259.3,239.261,0.054
Au-197	MF=10 MT=105 (n,t) reaction   	5.510110E+6 	259.3,28.871,0.0013	259.3,30.898,2.28	259.3,98.85,11.4	259.3,129.5,0.084	259.3,129.7,2.83	259.3,140.385,0.03	259.3,211.407,0.0389	259.3,239.261,0.054
Ir-191	MF=10 MT=  4 (n,n') reaction  	1.721440E+5 	171.24,41.86,0.00513	171.24,47.05,0.0027	171.24,82.407,0.0255	171.24,129.421,29
Ir-191	MF=10 MT= 16 (n,2n) reaction  	8.068930E+6 	0.0,97.93,0.096	0.0,186.718,52.4	0.0,190.52,0.135	0.0,196.85,3.4	0.0,198.08,1.94	0.0,199.3,0.23	0.0,207.91,0.34	0.0,207.91,1.19	0.0,223.811,3.74	0.0,235.5,0.42	0.0,248.2,0.121	0.0,282.93,0.48	0.0,288.22,1.64	0.0,294.75,6.6	0.0,361.136,13	0.0,371.26,23	0.0,380.03,2.03	0.0,394.5,0.043	0.0,397.388,6.54	0.0,407.176,23.9	0.0,407.543,4.6	0.0,420.63,1.64	0.0,426.2,0.025	0.0,431.61,2.74	0.0,447.81,2.55	0.0,477.8,1.82	0.0,485.23,0.73	0.0,490.71,0.78	0.0,502.53,1.25	0.0,518.55,34	0.0,557.972,30.1	0.0,569.31,28.5	0.0,605.24,39.9	0.0,615.42,0.47	0.0,628.4,0.75	0.0,630.91,2.9	0.0,631,0.84	0.0,656,1.16	0.0,668.1,0.052	0.0,690.04,0.28	0.0,709.1,0.073	0.0,726.22,3.78	0.0,731.1,0.036	0.0,740.18,0.194	0.0,753.2,0.025	0.0,768.61,2.21	0.0,821.78,0.324	0.0,828,0.57	0.0,828.96,3.5	0.0,839.12,1.14	0.0,916.75,0.125	0.0,948,0.068	0.0,951.9,0.098	0.0,976.4,0.057	0.0,1036.05,2.42	0.0,1123.8,0.032	0.0,1133.77,0.429	0.0,1147.1,0.132	0.0,1150.7,0.034	0.0,1160.4,0.03	0.0,1200.24,0.44	0.0,1324.3,0.48	0.0,1355.6,0.068	0.0,1386.95,0.155	0.0,1397.24,0.15	0.0,1494.9,0.062
Ir-191	MF=10 MT= 16 (n,2n) reaction  	8.095170E+6 	26.1,26.3,0.0001
Ir-191	MF=10 MT= 16 (n,2n) reaction  	8.447320E+6 	376.4,38.9,0.076	376.4,148.7,0.011	376.4,186.718,66.3	376.4,361.136,89.57	376.4,502.53,92.31	376.4,616.08,93.1
Ir-191	MF=10 MT= 24 (n,2na) reaction 	5.300300E+6 	0.0,122.3,0.603	0.0,137.157,9.42	0.0,143.17,0.00000074	0.0,296.9,0.000053	0.0,333.4,0.000062	0.0,476.4,0.0000015	0.0,630.34,0.0293	0.0,767.497,0.0327	0.0,773.28,0.000022
Ir-191	MF=10 MT= 24 (n,2na) reaction 	5.450090E+6 	149.0,40.35,5.04	149.0,59.009,17.83	149.0,87.266,0.053	149.0,99.362,1.07	149.0,146.273,0.0044
Ir-191	MF=10 MT= 28 (n,np) reaction  	7.031400E+6 	1705.4,38.9,0.081	1705.4,186.718,70.2	1705.4,361.136,94.88	1705.4,502.53,97.79	1705.4,616.08,98.62
Ir-191	MF=10 MT= 32 (n,nd) reaction  	1.094510E+7 	30.8,30.814,0.00031
Ir-191	MF=10 MT= 41 (n,2np) reaction 	1.318140E+7 	30.8,30.814,0.00031
Ir-191	MF=10 MT=104 (n,d) reaction   	4.795080E+6 	1705.4,38.9,0.081	1705.4,186.718,70.2	1705.4,361.136,94.88	1705.4,502.53,97.79	1705.4,616.08,98.62
Ir-191	MF=10 MT=105 (n,t) reaction   	4.654790E+6 	30.81,30.814,0.00031
Ir-193	MF=10 MT=  4 (n,n') reaction  	8.065840E+4 	80.239,80.236,0.0047
Ir-193	MF=10 MT= 16 (n,2n) reaction  	7.812540E+6 	0.0,110.093,0.0126	0.0,136.34348,0.183	0.0,176.98,0.0043	0.0,201.3112,0.472	0.0,205.79549,3.3	0.0,214.7,<0.0026	0.0,214.7,<0.0026	0.0,280.04,0.023	0.0,283.2668,0.262	0.0,295.95827,28.67	0.0,308.45692,30	0.0,314.8,<0.07	0.0,314.8,<0.07	0.0,316.50791,82.81	0.0,329.312,0.0185	0.0,374.4852,0.721	0.0,415.4,<0.009	0.0,415.4,<0.009	0.0,416.4714,0.664	0.0,420.532,0.0737	0.0,468.07152,47.83	0.0,484.578,3.184	0.0,485.3,0.0022	0.0,489.039,0.443	0.0,588.5845,4.515	0.0,593.37,0.0426	0.0,599.35,0.0039	0.0,604.41464,8.23	0.0,612.46564,5.309	0.0,703.98,0.0053	0.0,739,<0.00050	0.0,739,<0.00051	0.0,765.8,0.00149	0.0,884.5418,0.2923	0.0,1061.48,0.0528	0.0,1089.7,0.00108	0.0,1378.3,0.00124
Ir-193	MF=10 MT= 16 (n,2n) reaction  	7.869560E+6 	56.72,56.68,0.034
Ir-193	MF=10 MT= 17 (n,3n) reaction  	1.421520E+7 	171.3,41.86,0.00513	171.3,47.05,0.0027	171.3,82.407,0.0255	171.3,129.421,29
Ir-193	MF=10 MT= 32 (n,nd) reaction  	1.133470E+7 	0.0,41.86,0.00513	0.0,47.05,0.0027	0.0,82.407,0.0255	0.0,129.421,29
Ir-193	MF=10 MT= 32 (n,nd) reaction  	1.140950E+7 	74.4,74.379,0.07
Ir-193	MF=10 MT= 33 (n,nt) reaction  	1.254790E+7 	1705.4,38.9,0.081	1705.4,186.718,70.2	1705.4,361.136,94.88	1705.4,502.53,97.79	1705.4,616.08,98.62
Ir-193	MF=10 MT= 41 (n,2np) reaction 	1.357090E+7 	0.0,41.86,0.00513	0.0,47.05,0.0027	0.0,82.407,0.0255	0.0,129.421,29
Ir-193	MF=10 MT= 41 (n,2np) reaction 	1.364570E+7 	74.3,74.379,0.07
Ir-193	MF=10 MT=105 (n,t) reaction   	5.044800E+6 	0.0,41.86,0.00513	0.0,47.05,0.0027	0.0,82.407,0.0255	0.0,129.421,29
Ir-193	MF=10 MT=105 (n,t) reaction   	5.119570E+6 	74.39,74.379,0.07
Nb- 93	MF=10 MT= 16 (n,2n) reaction  	8.926430E+6 	0.0,561.03,100	0.0,934.46,100
Nb- 93	MF=10 MT= 16 (n,2n) reaction  	9.063400E+6 	135.5,448.34,<0.0033	135.5,561.03,<0.0045	135.5,912.73,1.78	135.5,934.46,99	135.5,1132.24,0.005	135.5,1847.27,0.85
Nb- 93	MF=10 MT= 17 (n,3n) reaction  	1.700420E+7 	104.5,104.62,0.539	104.5,1204.77,2.9
Nb- 93	MF=10 MT= 22 (n,na) reaction  	2.868520E+6 	908.96,908.96,99
Nb- 93	MF=10 MT=106 (n,He3) reaction 	7.804830E+6 	0.0,1204.77,0.3
Nb- 93	MF=10 MT=106 (n,He3) reaction 	8.366440E+6 	555.59,555.57,95
Os-192	MF=10 MT= 16 (n,2n) reaction  	7.597800E+6 	0.0,41.86,0.00513	0.0,47.05,0.0027	0.0,82.407,0.0255	0.0,129.421,29
Os-192	MF=10 MT= 16 (n,2n) reaction  	7.672580E+6 	74.38,74.379,0.07
Os-192	MF=10 MT= 17 (n,3n) reaction  	1.510110E+7 	1705.4,38.9,0.081	1705.4,186.718,70.2	1705.4,361.136,94.88	1705.4,502.53,97.79	1705.4,616.08,98.62
Os-192	MF=10 MT= 32 (n,nd) reaction  	1.352060E+7 	0.0,186.718,48.4	0.0,198.08,1.67	0.0,199.3,0.26	0.0,207.91,0.13	0.0,207.91,1.01	0.0,223.811,26	0.0,361.136,14.5	0.0,371.26,21.6	0.0,397.388,7.9	0.0,407.176,9.7	0.0,407.543,5.5	0.0,431.61,16.7	0.0,557.972,28.2	0.0,569.31,25.1	0.0,605.24,16.3	0.0,615.42,0.194	0.0,630.91,18	0.0,768.61,2.68	0.0,828.96,22.9	0.0,839.12,7.9	0.0,1200.24,3.2	0.0,1386.95,1.32	0.0,1397.1,0.15	0.0,1437.1,0.66	0.0,1447.7,0.23	0.0,1596.4,0.15	0.0,1794.5,0.53	0.0,1809.2,0.18	0.0,2165.5,0.06
Os-192	MF=10 MT= 32 (n,nd) reaction  	1.373170E+7 	210.0,108.67,0.31	210.0,114.18,0.19	210.0,119.12,11.3	210.0,127.27,0.39	210.0,163.14,0.53	210.0,182.1,0.78	210.0,186.718,27.8	210.0,196.85,0.38	210.0,198.08,0.99	210.0,199.3,0.28	210.0,200,1.27	210.0,207.91,0.14	210.0,207.91,0.4	210.0,223.811,0.56	210.0,242.3,0.143	210.0,252.65,0.127	210.0,255.19,0.49	210.0,282.93,2.23	210.0,284.9,0.44	210.0,288.22,0.47	210.0,294.75,1.29	210.0,294.75,1.43	210.0,315.56,1.01	210.0,321.81,0.76	210.0,344.09,1.21	210.0,361.136,12.1	210.0,371.26,10.3	210.0,379.4,0.72	210.0,387.1,0.87	210.0,390.17,4.8	210.0,394.6,0.46	210.0,397.388,6.2	210.0,407.176,8.3	210.0,407.543,4.4	210.0,431.61,0.4	210.0,447.81,2.88	210.0,477.8,0.42	210.0,485.23,0.137	210.0,490.71,3.48	210.0,502.53,3.38	210.0,518.55,6.7	210.0,539.21,0.22	210.0,557.972,14.3	210.0,558.7,5.4	210.0,569.31,13.7	210.0,605.24,14.9	210.0,615.42,0.175	210.0,616.08,1.03	210.0,630.91,0.44	210.0,633,1	210.0,656,1.07	210.0,673.1,9.4	210.0,675.2,0.52	210.0,690.04,1.41	210.0,726.22,0.445	210.0,739.73,0.76	210.0,768.61,2.19	210.0,828.96,0.52	210.0,839.12,0.181	210.0,864.85,0.62	210.0,881.1,0.78	210.0,889.07,0.44	210.0,905.75,1.31	210.0,951.9,0.163	210.0,958.2,1.97	210.0,965.1,0.42	210.0,1010.9,0.6	210.0,1036.05,0.27	210.0,1113.6,0.4	210.0,1155.6,0.27	210.0,1166.1,0.41	210.0,1194.2,0.203	210.0,1200.24,0.066	210.0,1250.2,0.28	210.0,1265.9,0.083	210.0,1313.1,0.64	210.0,1324.3,0.22	210.0,1382.7,0.068	210.0,1386.95,0.024	210.0,1499.4,0.05	210.0,1521.1,0.083	210.0,1536.5,0.048	210.0,1564.9,0.12	210.0,1573.7,0.26	210.0,1616.4,0.14	210.0,1725.2,0.058	210.0,1745.4,0.04	210.0,1882.3,0.03	210.0,2023.4,0.02
Os-192	MF=10 MT=105 (n,t) reaction   	7.230460E+6 	0.0,186.718,48.4	0.0,198.08,1.67	0.0,199.3,0.26	0.0,207.91,0.13	0.0,207.91,1.01	0.0,223.811,26	0.0,361.136,14.5	0.0,371.26,21.6	0.0,397.388,7.9	0.0,407.176,9.7	0.0,407.543,5.5	0.0,431.61,16.7	0.0,557.972,28.2	0.0,569.31,25.1	0.0,605.24,16.3	0.0,615.42,0.194	0.0,630.91,18	0.0,768.61,2.68	0.0,828.96,22.9	0.0,839.12,7.9	0.0,1200.24,3.2	0.0,1386.95,1.32	0.0,1397.1,0.15	0.0,1437.1,0.66	0.0,1447.7,0.23	0.0,1596.4,0.15	0.0,1794.5,0.53	0.0,1809.2,0.18	0.0,2165.5,0.06
Os-192	MF=10 MT=105 (n,t) reaction   	7.441570E+6 	210.0,108.67,0.31	210.0,114.18,0.19	210.0,119.12,11.3	210.0,127.27,0.39	210.0,163.14,0.53	210.0,182.1,0.78	210.0,186.718,27.8	210.0,196.85,0.38	210.0,198.08,0.99	210.0,199.3,0.28	210.0,200,1.27	210.0,207.91,0.14	210.0,207.91,0.4	210.0,223.811,0.56	210.0,242.3,0.143	210.0,252.65,0.127	210.0,255.19,0.49	210.0,282.93,2.23	210.0,284.9,0.44	210.0,288.22,0.47	210.0,294.75,1.29	210.0,294.75,1.43	210.0,315.56,1.01	210.0,321.81,0.76	210.0,344.09,1.21	210.0,361.136,12.1	210.0,371.26,10.3	210.0,379.4,0.72	210.0,387.1,0.87	210.0,390.17,4.8	210.0,394.6,0.46	210.0,397.388,6.2	210.0,407.176,8.3	210.0,407.543,4.4	210.0,431.61,0.4	210.0,447.81,2.88	210.0,477.8,0.42	210.0,485.23,0.137	210.0,490.71,3.48	210.0,502.53,3.38	210.0,518.55,6.7	210.0,539.21,0.22	210.0,557.972,14.3	210.0,558.7,5.4	210.0,569.31,13.7	210.0,605.24,14.9	210.0,615.42,0.175	210.0,616.08,1.03	210.0,630.91,0.44	210.0,633,1	210.0,656,1.07	210.0,673.1,9.4	210.0,675.2,0.52	210.0,690.04,1.41	210.0,726.22,0.445	210.0,739.73,0.76	210.0,768.61,2.19	210.0,828.96,0.52	210.0,839.12,0.181	210.0,864.85,0.62	210.0,881.1,0.78	210.0,889.07,0.44	210.0,905.75,1.31	210.0,951.9,0.163	210.0,958.2,1.97	210.0,965.1,0.42	210.0,1010.9,0.6	210.0,1036.05,0.27	210.0,1113.6,0.4	210.0,1155.6,0.27	210.0,1166.1,0.41	210.0,1194.2,0.203	210.0,1200.24,0.066	210.0,1250.2,0.28	210.0,1265.9,0.083	210.0,1313.1,0.64	210.0,1324.3,0.22	210.0,1382.7,0.068	210.0,1386.95,0.024	210.0,1499.4,0.05	210.0,1521.1,0.083	210.0,1536.5,0.048	210.0,1564.9,0.12	210.0,1573.7,0.26	210.0,1616.4,0.14	210.0,1725.2,0.058	210.0,1745.4,0.04	210.0,1882.3,0.03	210.0,2023.4,0.02
Re-187	MF=10 MT= 16 (n,2n) reaction  	7.396530E+6 	0.0,122.3,0.603	0.0,137.157,9.42	0.0,143.17,0.00000074	0.0,296.9,0.000053	0.0,333.4,0.000062	0.0,476.4,0.0000015	0.0,630.34,0.0293	0.0,767.497,0.0327	0.0,773.28,0.000022
Re-187	MF=10 MT= 16 (n,2n) reaction  	7.546330E+6 	149.0,40.35,5.04	149.0,59.009,17.83	149.0,87.266,0.053	149.0,99.362,1.07	149.0,146.273,0.0044
Re-187	MF=10 MT= 24 (n,2na) reaction 	5.307170E+6 	0.0,31.7377,0.486	0.0,42.7148,0.277	0.0,65.71115,2.92	0.0,67.7497,41.2	0.0,84.6802,2.65	0.0,100.10595,14.1	0.0,110.414,0.087	0.0,113.6717,1.885	0.0,116.4179,0.431	0.0,121.61,0.0026	0.0,152.4299,6.93	0.0,156.3865,2.642	0.0,179.39381,3.082	0.0,198.3519,1.441	0.0,222.1085,7.49	0.0,229.3207,3.63	0.0,264.074,3.605	0.0,351.07,0.0091	0.0,829.7,0.015	0.0,891.98,0.057	0.0,927.992,0.619	0.0,959.7296,0.348	0.0,1001.6951,2.066	0.0,1035.71,0.0073	0.0,1044.4099,0.237	0.0,1113.39,0.446	0.0,1121.3007,34.9	0.0,1157.3127,0.59	0.0,1158.0817,0.4	0.0,1180.76,0.086	0.0,1189.0503,16.23	0.0,1221.4066,26.98	0.0,1223.8033,0.23	0.0,1231.0157,11.44	0.0,1257.4185,1.488	0.0,1273.7305,0.6505	0.0,1289.1561,1.349	0.0,1342.711,0.2513	0.0,1373.8362,0.2185	0.0,1387.4022,0.0708	0.0,1410.08,0.0394	0.0,1453.1237,0.0284
Re-187	MF=10 MT= 24 (n,2na) reaction 	5.323520E+6 	16.27,16.263,0.0022
Re-187	MF=10 MT= 24 (n,2na) reaction 	5.829550E+6 	519.57,146.775,37.2	519.57,171.58,49	519.57,184.953,24.5	519.57,318.355,6.9	519.57,356.45,0.29
Re-187	MF=10 MT= 32 (n,nd) reaction  	1.102090E+7 	0.0,125.3581,0.019
Re-187	MF=10 MT= 32 (n,nd) reaction  	1.121930E+7 	197.3,23.54,0.0008	197.3,23.54,0.17	197.3,42.29,0.074	197.3,65.86,5.8	197.3,93.3,0.027	197.3,94.59,0.105	197.3,107.85,0.41	197.3,122.05,0.102	197.3,131.55,4.33	197.3,164.33,0.59	197.3,173.68,3.26	197.3,187.88,0.81
Re-187	MF=10 MT= 41 (n,2np) reaction 	1.325750E+7 	0.0,125.3581,0.019
Re-187	MF=10 MT= 41 (n,2np) reaction 	1.345590E+7 	197.4,23.54,0.0008	197.4,23.54,0.17	197.4,42.29,0.074	197.4,65.86,5.8	197.4,93.3,0.027	197.4,94.59,0.105	197.4,107.85,0.41	197.4,122.05,0.102	197.4,131.55,4.33	197.4,164.33,0.59	197.4,173.68,3.26	197.4,187.88,0.81
Re-187	MF=10 MT=105 (n,t) reaction   	4.729910E+6 	0.0,125.3581,0.019
Re-187	MF=10 MT=105 (n,t) reaction   	4.928360E+6 	197.38,23.54,0.0008	197.38,23.54,0.17	197.38,42.29,0.074	197.38,65.86,5.8	197.38,93.3,0.027	197.38,94.59,0.105	197.38,107.85,0.41	197.38,122.05,0.102	197.38,131.55,4.33	197.38,164.33,0.59	197.38,173.68,3.26	197.38,187.88,0.81
Sb-123	MF=10 MT= 16 Partial (n,2n) re	9.038831E+6 	0.0,564.119,71	0.0,617.34,0.011	0.0,692.794,3.85	0.0,793.278,0.016	0.0,1140.55,0.76	0.0,1188.76,0.0042	0.0,1256.901,0.81	0.0,1752.77,0.0092
Sb-123	MF=10 MT= 16 Partial (n,2n) re	9.203733E+6 	163.559,26.0867,0.0033	163.559,61.4127,55	163.559,76.0595,0.136
Sb-123	MF=10 MT= 22 Partial (n,na) re	3.976909E+6 	0.0,23.87,16	0.0,697.47,0.49	0.0,763.14,99	0.0,1214.86,0.46
Sb-123	MF=10 MT= 22 Partial (n,na) re	4.290834E+6 	311.37,311.39,2.2	311.37,896.6,0.006	311.37,897.5,0.013	311.37,920.5,0.015	311.37,921.4,0.0045	311.37,1065.55,0.13	311.37,1089.9,0.026	311.37,1163.85,0.056	311.37,1187.79,0.011	311.37,1225.7,0.021	311.37,1249.71,0.075	311.37,1331,0.004	311.37,1354.9,0.0012	311.37,1506.9,0.0087
Sb-123	MF=10 MT= 32 Partial (n,nd) re	1.327008E+7 	6.3,37.138,1.9
Sb-123	MF=10 MT=103 Partial (n,p) rea	6.263908E+5 	0.0,160.33,0.00191	0.0,1021,0.00193	0.0,1030.23,0.031	0.0,1088.64,0.6	0.0,1100.5,0.00008	0.0,1177.06,0.000228	0.0,1181.23,0.00029	0.0,1260.9,0.00005	0.0,1337.44,0.00076
Sb-123	MF=10 MT=103 Partial (n,p) rea	6.511927E+5 	24.6,160.33,86	24.6,170.9,0.007	24.6,381.4,0.042	24.6,541.8,0.02	24.6,552.5,0.0103
Sb-123	MF=10 MT=105 Partial (n,t) rea	6.961493E+6 	6.3,37.138,1.9
Sb-123	MF=10 MT=106 Partial (n,He3) r	1.032701E+7 	0.0,56.35,0.19	0.0,261.96,7.9	0.0,657.32,7.1	0.0,808.7,0.22	0.0,869.31,1.1	0.0,919.28,4.2	0.0,925.57,87	0.0,1092.8,0.34
Sb-123	MF=10 MT=106 Partial (n,He3) r	1.064256E+7 	312.98,60.34,~20	312.98,313.6,0.48	312.98,908.9,0.33	312.98,1041.1,1.12	312.98,1100.7,0.92	312.98,1121.2,0.51	312.98,1403.5,~0.051	312.98,2803.8,0.11	312.98,2864.3,0.102	312.98,3059.7,0.087	312.98,3228,0.015
Sb-123	MF=10 MT=107 Partial (n,a) rea	0	0.0,251.5,0.19	0.0,703.8,1.42	0.0,988.6,0.13	0.0,1171.3,19	0.0,1184,0.91	0.0,1207.5,0.59	0.0,1250,0.23	0.0,2039.8,1.86	0.0,2097.1,0.42	0.0,2149.2,0.09	0.0,2390.2,1.14	35.0,414.6,2.4	35.0,546,1.5	35.0,592.4,1.9	35.0,637.1,2.9	35.0,702.9,1.8	35.0,713.4,7.5	35.0,863.7,32.5	35.0,925.8,1.2	35.0,984.9,2.4	35.0,1023.1,55	35.0,1171.3,96	35.0,1184,2.4	35.0,1245,0.7	35.0,1250,1.7	35.0,1294.5,12.2	35.0,1472.3,4.1	35.0,1887.1,4.6	35.0,2008.1,6.2	35.0,2097.1,1.5	35.0,2179,2.6	35.0,2267.4,1.3	35.0,2355.3,1.2	35.0,2422,1.2	35.0,2606.1,2.2	70.0,414.6,2.4	70.0,546,1.5	70.0,592.4,1.9	70.0,637.1,2.9	70.0,702.9,1.8	70.0,713.4,7.5	70.0,863.7,32.5	70.0,925.8,1.2	70.0,984.9,2.4	70.0,1023.1,55	70.0,1171.3,96	70.0,1184,2.4	70.0,1245,0.7	70.0,1250,1.7	70.0,1294.5,12.2	70.0,1472.3,4.1	70.0,1887.1,4.6	70.0,2008.1,6.2	70.0,2097.1,1.5	70.0,2179,2.6	70.0,2267.4,1.3	70.0,2355.3,1.2	70.0,2422,1.2	70.0,2606.1,2.2
Ta-181	MF=10 MT= 16 (n,2n) reaction  	7.618990E+6 	0.0,93.326,4.5	0.0,103.557,0.81
Ta-181	MF=10 MT= 28 (n,np) reaction  	7.129830E+6 	1141.5,57.555,48	1141.5,93.326,17.1	1141.5,100.7,0.017	1141.5,215.256,81.3	1141.5,332.277,94.1	1141.5,443.09,81.9	1141.5,500.64,14.3
Ta-181	MF=10 MT= 32 (n,nd) reaction  	1.155110E+7 	375.0,160.696,2.78	375.0,214.335,94	375.0,375,~0.0047
Ta-181	MF=10 MT= 32 (n,nd) reaction  	1.228580E+7 	1105.7,21.01,0.0078	1105.7,122.793,27.6	1105.7,146.15,27	1105.7,169.77,19.3	1105.7,192.62,21.4	1105.7,217.07,9	1105.7,236.36,18.7	1105.7,257.37,3.2	1105.7,268.85,11.2	1105.7,315.88,20.2	1105.7,362.39,39.5	1105.7,409.68,21.4	1105.7,453.43,68
Ta-181	MF=10 MT= 41 (n,2np) reaction 	1.378800E+7 	375.0,160.696,2.78	375.0,214.335,94	375.0,375,~0.0047
Ta-181	MF=10 MT= 41 (n,2np) reaction 	1.452280E+7 	1105.7,21.01,0.0078	1105.7,122.793,27.6	1105.7,146.15,27	1105.7,169.77,19.3	1105.7,192.62,21.4	1105.7,217.07,9	1105.7,236.36,18.7	1105.7,257.37,3.2	1105.7,268.85,11.2	1105.7,315.88,20.2	1105.7,362.39,39.5	1105.7,409.68,21.4	1105.7,453.43,68
Ta-181	MF=10 MT=104 (n,d) reaction   	4.892860E+6 	1141.5,57.555,48	1141.5,93.326,17.1	1141.5,100.7,0.017	1141.5,215.256,81.3	1141.5,332.277,94.1	1141.5,443.09,81.9	1141.5,500.64,14.3
Ta-181	MF=10 MT=105 (n,t) reaction   	5.258950E+6 	375.03,160.696,2.78	375.03,214.335,94	375.03,375,~0.0047
Ta-181	MF=10 MT=105 (n,t) reaction   	5.993730E+6 	1105.74,21.01,0.0078	1105.74,122.793,27.6	1105.74,146.15,27	1105.74,169.77,19.3	1105.74,192.62,21.4	1105.74,217.07,9	1105.74,236.36,18.7	1105.74,257.37,3.2	1105.74,268.85,11.2	1105.74,315.88,20.2	1105.74,362.39,39.5	1105.74,409.68,21.4	1105.74,453.43,68